Control_Mean_Data_All.txt
8
136968631471599.310000
30.000000

-75.000000
50.000000
0.990000
35.000000
39.000000
0.990000
-75.000000
50.000000
0.990000
35.000000
29.000000
0.990000
30.000000
25.000000
0.990000
35.000000
-56.000000
0.990000
30.000000
25.000000
0.990000
15.000000
24.000000
0.990000
20.000000
19.000000
0.990000
15.000000
-46.000000
0.040000
20.000000
25.000000
0.390000
35.000000
-71.000000
0.390000
30.000000
30.000000
0.990000
10.000000
24.000000
0.990000
30.000000
40.000000
0.990000
30.000000
40.000000
0.990000
30.000000
40.000000
0.990000
30.000000
40.000000
0.990000
30.000000
50.000000
0.990000
15.000000
29.000000
0.990000
30.000000
50.000000
0.990000
15.000000
29.000000
0.990000
-75.000000
50.000000
0.990000
35.000000
39.000000
0.990000
20.000000
25.000000
0.990000
35.000000
-71.000000
0.990000
20.000000
50.000000
0.900000
35.000000
39.000000
0.900000
0.500000
0.500000
2.000000
6.000000
10.000000
10.000000
10.000000
10.000000
6.000000
7.000000
7.000000
10.000000
10.000000

89.047159
57.453184
0.164365
17.647251
43.931720
0.319456
27.918638
53.498401
0.220997
33.467640
43.461312
0.675059
80.912719
12.980845
0.288937
65.928457
65.076266
0.545350
65.093789
15.912475
0.306030
49.270233
74.077379
0.042335
39.013940
69.630211
0.439793
34.592425
0.906888
0.020005
75.355846
14.771441
0.281257
50.561034
75.373791
0.399322
85.515965
11.208748
0.554431
51.861745
59.639305
0.114030
98.711741
28.834929
0.451620
80.218982
13.588108
0.256372
78.253761
10.179530
0.283286
80.015448
7.630465
0.152619
92.236327
25.951183
0.526012
53.093477
63.349572
0.011141
71.910263
25.163192
0.469672
59.736357
89.217885
0.216104
11.198309
62.855582
0.334123
2.516517
62.035760
0.441696
94.539846
2.513078
0.010624
70.433494
71.308847
0.325947
80.778523
27.429832
0.785304
3.695929
36.646018
0.366174
1.358118
-0.060972
-0.125238
0.140888
-4.421989
-1.625726
4.197831
4.106402
0.523852
2.417115
5.780410
4.536011
3.410388
