89.047159
64.602204
0.165141
14.740220
60.229881
0.235261

5.343333
46.395087
0.289496
31.820162
57.992204
0.488918

83.383779
12.793347
0.289110
67.337799
68.135441
0.989033

65.527203
29.879517
0.809879
35.930143
54.731307
0.046008

48.250544
73.935422
0.407151
44.211303
77.080606
0.199024

75.953627
18.551070
0.233321
53.398042
76.998133
0.399935

96.079429
14.961713
0.554069
50.488571
70.668148
0.257479

98.258386
38.647500
0.468648
70.702572
17.749834
0.267961

99.881058
40.625240
0.357094
73.848434
7.182215
0.626400

91.329353
25.338825
0.507098
55.272459
71.223719
0.153629

71.411380
5.418430
0.334481
45.891643
61.484213
0.299381

21.843928
58.422747
0.300904
17.302825
53.199498
0.753403

94.367046
11.103875
0.744204
67.599215
68.366314
0.122243

84.928255
37.973901
0.929789
21.290616
41.061325
0.809034

1.344314
-0.078178
-0.119915
-0.236617
3.301571
-4.998009
2.240209
-1.995338
0.764112
-0.411460
1.150727
-3.253806
-4.419539
