17.842345 -9.975205 0.696618 -18.832734 -24.007276 3.725761 0.002817 0.963082 0.457420 0.851138 -0.041159 -0.604102 0.000000 0.519122 -0.134481 6.956054 0.000000 -11.514706 71.284917 80.955652 -0.121733 3.466936 0.000000 796.639071 721.550647 77.174094 
17.925087 -11.606757 1.697307 -17.848679 -24.490367 1.678144 0.016452 0.962217 0.714582 0.752584 0.056772 -0.363571 0.461266 2.095534 -0.327000 -1.352512 -0.322886 3.720078 69.715407 79.941588 -0.090102 3.324106 -0.473423 791.921778 720.883764 71.619824 
18.047389 -12.715117 0.897394 -15.855583 -28.881667 1.490972 0.029283 0.961112 1.005619 0.654436 0.173153 -0.398410 0.231028 2.490259 -1.461459 0.001533 0.018020 -0.003847 68.791530 82.104681 -0.142518 3.064152 0.008365 791.401211 720.313597 71.415280 
18.345822 -14.038590 0.930931 -13.423078 -33.945673 0.935138 0.041504 0.960090 1.301348 0.557014 0.199760 -0.337586 0.210621 2.429561 -1.720341 0.553560 0.037425 -1.639761 68.386645 83.671064 -0.133190 2.725284 0.043438 790.583148 719.925718 70.983121 
18.846007 -15.523866 0.816189 -10.708676 -39.095484 -0.063259 0.053157 0.959462 1.438509 0.480757 0.223575 -0.224837 0.176375 2.274007 -1.936332 0.448555 0.013246 -1.995022 68.294550 84.900788 -0.153600 2.327680 0.022931 789.838808 719.925206 70.331786 
19.482764 -17.212946 1.059444 -7.857128 -44.164610 -1.466287 0.064408 0.959354 1.369711 0.431793 0.238295 -0.110983 0.109564 2.079384 -1.979049 0.304463 0.001071 -2.743331 68.242957 85.804967 -0.143682 1.906892 0.011186 789.385124 720.371313 69.493715 
20.027739 -18.787943 1.460392 -5.040809 -48.877901 -3.401512 0.075533 0.959755 1.219078 0.405804 0.242875 0.017557 0.044898 1.876024 -1.826825 -0.063446 -0.025335 -3.613765 67.833257 86.339218 -0.142086 1.508885 -0.026513 788.913395 721.177577 68.283164 
20.249958 -19.919249 1.906697 -2.403203 -53.006016 -5.579683 0.086781 0.960569 1.144932 0.394773 0.237412 0.074245 0.000000 1.675843 -1.508176 -0.206082 0.000000 -2.775715 67.216876 86.380727 -0.138118 1.169906 0.000000 788.263694 722.191572 66.796969 
20.089725 -20.524726 2.426018 0.015028 -56.465269 -6.429185 0.098219 0.961718 1.147138 0.385540 0.226883 0.076429 0.000000 1.508777 -1.209372 0.007496 0.000000 0.098075 66.732562 86.310432 -0.126305 0.896264 0.000000 787.870457 723.324463 65.742755 
19.650872 -20.736075 2.987347 2.271268 -59.333441 -6.011516 0.109753 0.963160 1.160895 0.369116 0.209798 -0.008097 0.000000 1.367198 -0.900276 -0.004044 0.000000 0.499506 66.470255 86.616827 -0.108219 0.668721 0.000000 788.194124 724.575013 65.135466 
19.039826 -20.693865 3.520553 4.432402 -61.558234 -6.273136 0.121300 0.964896 1.137232 0.342947 0.185869 0.042522 0.000000 1.222610 -0.604244 -0.031935 0.000000 -0.751010 66.365967 87.285284 -0.088060 0.472039 0.000000 789.176297 725.964363 64.837618 
18.301453 -20.469088 3.979342 6.497959 -63.249363 -6.321010 0.132861 0.966868 1.077298 0.318382 0.164857 0.034628 0.000000 1.077802 -0.404071 0.019891 0.000000 0.574410 66.342204 87.614696 -0.073150 0.305000 0.000000 790.034896 727.467452 64.746099 
17.423391 -20.050458 4.340243 8.459544 -64.458120 -6.004785 0.144479 0.969016 1.009967 0.295237 0.145509 0.017261 0.000000 0.949372 -0.234882 0.004918 0.000000 0.284909 66.330626 88.296093 -0.061802 0.172990 0.000000 791.399714 729.039012 64.831295 
16.388073 -19.419104 4.621066 10.315683 -65.197038 -5.766729 0.156192 0.971276 0.955914 0.273510 0.121799 0.033031 0.000000 0.828533 -0.109305 0.023143 0.000000 0.700649 66.333005 88.872867 -0.052064 0.079780 0.000000 792.738336 730.630029 65.020014 
15.198001 -18.581594 4.838018 12.061389 -65.531807 -5.242301 0.168016 0.973572 0.919604 0.251711 0.104066 0.019330 0.000000 0.717003 -0.024079 0.018457 0.000000 0.954861 66.352089 89.464745 -0.044229 0.025164 0.000000 794.122895 732.194549 65.260197 
13.868437 -17.559097 5.000560 13.701128 -65.481281 -4.631426 0.179946 0.975852 0.894396 0.228529 0.086415 0.025190 0.000000 0.609852 0.033777 0.029210 0.000000 1.159599 66.387932 90.012563 -0.038028 0.006062 0.000000 795.473019 733.703847 65.515301 
12.415568 -16.374288 5.114590 15.232497 -65.076276 -3.856202 0.191979 0.978074 0.873082 0.189809 0.057268 0.018674 0.000000 0.471678 0.055163 0.026247 0.000000 1.405526 66.437431 90.479542 -0.032777 0.019407 0.000000 796.734929 735.135306 65.752400 
10.851759 -15.046318 5.179440 16.653500 -64.348775 -3.001539 0.204116 0.980199 0.849885 0.152111 0.032072 0.017216 0.000000 0.349255 0.047337 0.025349 0.000000 1.472423 66.503381 90.865047 -0.027412 0.063764 0.000000 797.892465 736.470589 65.901180 
9.188145 -13.595516 5.196862 17.958888 -63.337055 -2.093212 0.216366 0.982191 0.820458 0.090333 -0.008716 0.013788 0.000000 0.189206 -0.016673 0.021707 0.000000 1.574273 66.586769 91.101196 -0.022179 0.138799 0.000000 798.867784 737.689483 65.920800 
7.433662 -12.042637 5.168248 19.141941 -62.087944 -1.158920 0.228742 0.984007 0.784108 0.051899 -0.031026 0.007776 0.000000 0.097955 -0.070884 0.011789 0.000000 1.516217 66.684402 91.206600 -0.016802 0.245817 0.000000 799.653831 738.767410 65.786901 
5.606984 -10.416811 5.091840 20.205388 -60.633152 -0.338255 0.241240 0.985600 0.742729 0.020940 -0.049939 0.008584 0.000000 0.035460 -0.129822 0.010809 0.000000 1.259106 66.786025 91.217800 -0.012031 0.382449 0.000000 800.245966 739.676309 65.530116 
3.734280 -8.758930 4.984175 21.156271 -59.013172 0.411749 0.253844 0.986911 0.699694 -0.007325 -0.062328 0.007898 0.000000 -0.011057 -0.177325 0.009965 0.000000 1.261608 66.891559 91.054269 -0.006644 0.544329 0.000000 800.545130 740.383187 65.172642 
1.853078 -7.129765 4.870142 22.003824 -57.257708 1.114504 0.266527 0.987882 0.661947 -0.033206 -0.072079 0.005066 0.000000 -0.044725 -0.220340 0.005521 0.000000 1.089760 67.003737 90.785197 -0.000443 0.725439 0.000000 800.588887 740.854486 64.723121 
0.015525 -5.615078 4.787998 22.761289 -55.387594 1.716666 0.279251 0.988463 0.639570 -0.056295 -0.080368 0.005702 0.000000 -0.067885 -0.259691 0.005382 0.000000 0.943799 67.136470 90.374470 0.006183 0.918054 0.000000 800.337341 741.062034 64.210622 
-1.717031 -4.316568 4.785656 23.441424 -53.422161 2.228606 0.291970 0.988623 0.644972 -0.076858 -0.087928 0.003766 0.000000 -0.083484 -0.297307 0.002857 0.000000 0.758624 67.310818 89.835713 0.011379 1.114089 0.000000 799.814493 740.989188 63.670322 
-3.285942 -3.330150 4.909517 24.054277 -51.369858 2.611118 0.304644 0.988366 0.688410 -0.092004 -0.091908 0.004189 0.000000 -0.089805 -0.324217 0.002213 0.000000 0.528308 67.541475 89.170347 0.012590 1.306079 0.000000 799.052147 740.641267 63.140002 
-4.658860 -2.705748 5.180790 24.598628 -49.223325 2.857858 0.317251 0.987743 0.770393 -0.102638 -0.093155 0.004794 0.000000 -0.087371 -0.345039 0.001436 0.000000 0.299542 67.808652 88.388921 0.008403 1.489433 0.000000 798.087119 740.052010 62.641424 
-5.849496 -2.414205 5.566526 25.058234 -46.958079 2.974852 0.329803 0.986853 0.881820 -0.110318 -0.094759 0.007291 0.000000 -0.075815 -0.372228 0.000798 0.000000 0.109395 68.044582 87.510572 -0.001256 1.664323 0.000000 796.940317 739.284356 62.138133 
-6.919404 -2.347565 5.997393 25.405123 -44.544714 2.999652 0.342345 0.985829 0.990328 -0.114351 -0.096585 0.006863 0.000000 -0.053992 -0.405884 -0.000260 0.000000 -0.037860 68.171345 86.566416 -0.012879 1.835727 0.000000 795.643777 738.421609 61.575879 
-7.950814 -2.364514 6.408746 25.611806 -41.956323 2.906740 0.354933 0.984796 1.062400 -0.114696 -0.098472 0.006948 0.000000 -0.025096 -0.444252 -0.001949 0.000000 -0.280520 68.167393 85.604545 -0.022206 2.010066 0.000000 794.285749 737.545426 60.947862 
-9.013447 -2.340887 6.734939 25.662800 -39.185333 2.688618 0.367609 0.983836 1.089102 -0.111659 -0.099666 0.008987 0.000000 0.005186 -0.479356 -0.003976 0.000000 -0.442381 68.076795 84.630462 -0.026931 2.191495 0.000000 792.948468 736.710707 60.290752 
-10.141452 -2.208443 6.932388 25.560965 -36.249489 2.397475 0.380386 0.982974 1.080753 -0.106837 -0.100399 0.009589 0.000000 0.031043 -0.508179 -0.005110 0.000000 -0.532925 67.969842 83.659544 -0.025970 2.379521 0.000000 791.695116 735.938061 59.642534 
-11.328255 -1.967246 7.002451 25.325810 -33.182552 2.063257 0.393246 0.982189 1.049177 -0.103731 -0.100446 0.010097 0.000000 0.051100 -0.527143 -0.005883 0.000000 -0.582661 67.903856 82.695791 -0.020080 2.569176 0.000000 790.541093 735.221659 59.021655 
-12.535631 -1.670886 6.966714 24.986417 -30.026859 1.710495 0.406152 0.981432 1.010646 -0.101899 -0.100089 0.010123 0.000000 0.065167 -0.536423 -0.006088 0.000000 -0.601422 67.908721 81.734564 -0.012185 2.752672 0.000000 789.457258 734.538171 58.423278 
-13.703717 -1.409216 6.868485 24.578120 -26.828665 1.357208 0.419049 0.980646 0.976899 -0.101123 -0.099491 0.010359 0.000000 0.073250 -0.536356 -0.006044 0.000000 -0.583417 67.988952 80.769322 -0.004876 2.919860 0.000000 788.401850 733.858521 57.836954 
-14.770843 -1.274794 6.756744 24.136888 -23.634980 1.029323 0.431882 0.979782 0.958532 -0.102310 -0.099403 0.010596 0.000000 0.076945 -0.531306 -0.005436 0.000000 -0.513061 68.126572 79.801203 0.000343 3.060192 0.000000 787.355887 733.157289 57.271160 
-15.695340 -1.328111 6.669345 23.692610 -20.490050 0.758937 0.444613 0.978810 0.960466 -0.107084 -0.101531 0.010384 0.000000 0.078978 -0.530779 -0.004057 0.000000 -0.390674 68.284810 78.840440 0.003428 3.165446 0.000000 786.326043 732.420804 56.745957 
-16.468408 -1.577058 6.617569 23.265549 -17.434524 0.566745 0.457228 0.977725 0.975949 -0.115715 -0.107162 0.008840 0.000000 0.080530 -0.540521 -0.002274 0.000000 -0.257268 68.417662 77.903368 0.005513 3.231578 0.000000 785.328159 731.650583 56.273267 
-17.109589 -1.984816 6.591585 22.869546 -14.511357 0.456700 0.469738 0.976546 0.999065 -0.130732 -0.118982 0.007166 0.000000 0.082807 -0.568426 -0.000773 0.000000 -0.107820 68.493807 77.001634 0.008763 3.258435 0.000000 784.375830 730.859237 55.849558 
-17.651937 -2.493793 6.555721 22.517679 -11.780910 0.453399 0.482171 0.975299 1.024747 -0.153765 -0.139652 0.005526 0.000000 0.083876 -0.612535 0.000625 0.000000 0.113087 68.515923 76.143578 0.015342 3.248608 0.000000 783.489035 730.065314 55.469398 
-18.122727 -3.059068 6.474553 22.229176 -9.333556 0.603591 0.494554 0.974018 1.049753 -0.184744 -0.170270 0.000448 0.000000 0.077203 -0.650032 0.000175 0.000000 0.390287 68.522100 75.344039 0.026569 3.205623 0.000000 782.702769 729.290012 55.140191 
-18.530161 -3.669833 6.318956 22.031402 -7.289165 0.915828 0.506907 0.972738 1.074063 -0.224699 -0.211687 -0.005154 0.000000 0.053289 -0.639132 -0.003445 0.000000 0.668290 68.568663 74.627967 0.042217 3.132490 0.000000 782.070139 728.555743 54.893476 
-18.860485 -4.359371 6.117611 21.960346 -5.797312 1.399176 0.519239 0.971498 1.092240 -0.271150 -0.256631 -0.012037 0.000000 -0.002152 -0.503376 -0.011436 0.000000 0.950105 68.707148 74.035794 0.060589 3.031651 0.000000 781.669544 727.884234 54.803139 
-19.089656 -5.181655 5.897842 22.048982 -4.996632 2.032347 0.531562 0.970333 1.095127 -0.322373 -0.291519 -0.016650 0.000000 -0.094441 -0.207350 -0.019540 0.000000 1.173548 68.971432 73.604083 0.078472 2.906219 0.000000 781.593631 727.292498 54.983544 
-19.194279 -6.194984 5.675110 22.304035 -4.959442 2.786069 0.543899 0.969264 1.078009 -0.372316 -0.303052 -0.017971 0.000000 -0.206580 0.174074 -0.024287 0.000000 1.351433 69.396050 73.315528 0.094571 2.761647 0.000000 781.901526 726.784868 55.531495 
-19.154995 -7.457390 5.458639 22.689462 -5.647380 3.626542 0.556292 0.968297 1.042933 -0.413803 -0.291681 -0.014858 0.000000 -0.298859 0.496607 -0.021908 0.000000 1.474510 70.017561 73.087394 0.108373 2.606064 0.000000 782.580228 726.348870 56.469207 
-18.953249 -9.027829 5.252843 23.136653 -6.930202 4.539709 0.568790 0.967416 0.988078 -0.447276 -0.270919 -0.011048 0.000000 -0.340482 0.695446 -0.017588 0.000000 1.591954 70.875322 72.831462 0.118465 2.448715 0.000000 783.572473 725.955753 57.758868 
-18.565656 -10.967946 5.053745 23.571433 -8.643288 5.502913 0.581435 0.966580 0.912779 -0.467934 -0.243983 -0.007206 0.000000 -0.321199 0.770371 -0.011857 0.000000 1.645363 71.999591 72.507438 0.123152 2.297371 0.000000 784.804448 725.560806 59.354266 
-17.969927 -13.332266 4.851179 23.899470 -10.538702 6.448956 0.594257 0.965723 0.822769 -0.473023 -0.166282 0.003119 0.000000 -0.179019 0.518282 0.004862 0.000000 1.558682 73.394578 71.897295 0.116414 2.158408 0.000000 786.080849 725.103064 61.098069 
-17.176652 -16.117798 4.628572 23.993812 -12.273149 7.395737 0.607300 0.964768 0.722210 -0.468342 -0.117300 0.006235 0.000000 0.041114 0.310279 0.010087 0.000000 1.617702 74.885614 71.133971 0.100972 2.039418 0.000000 787.310941 724.508124 62.939804 
-16.212505 -19.280332 4.384424 23.773520 -13.587953 8.307746 0.620573 0.963611 0.623883 -0.361172 0.001190 0.011152 0.022937 0.244828 -0.001938 0.015768 0.016056 1.413988 76.372146 70.245700 0.087640 1.942392 0.017428 788.355287 723.697851 64.813299 
-15.057809 -22.821015 4.140816 23.181527 -14.060513 8.865062 0.633990 0.962163 0.543870 -0.269178 0.090767 0.064999 0.156073 0.337293 -0.013183 0.029721 -0.039442 0.457244 77.847067 69.279553 0.080534 1.851188 -0.075245 789.015104 722.621928 66.595142 
-13.656558 -26.748756 3.860907 22.365885 -13.929903 8.798580 0.647345 0.960406 0.479450 -0.260405 0.101291 0.166125 0.445085 0.361896 0.038393 -0.053367 -0.057901 -0.321249 79.175156 68.511379 0.076311 1.734728 -0.154787 789.004749 721.323919 67.938637 
-11.941065 -31.055150 3.473983 21.646336 -13.759625 8.379073 0.660349 0.958451 0.417449 -0.308033 0.119454 0.262856 0.861842 0.285056 0.002407 -0.252332 -0.079742 -0.959963 80.336495 67.902114 0.073525 1.556996 -0.250028 787.810514 719.969526 68.158157 
-9.834248 -35.726419 2.898491 21.353685 -14.034038 7.663721 0.672678 0.956536 0.349016 -0.414270 0.165851 0.348500 1.209546 0.002441 -0.175968 -0.445117 -0.109010 -1.277238 81.368689 67.676028 0.070475 1.280538 -0.294739 785.998327 718.816131 67.554870 
-7.342244 -40.639057 1.992575 21.652868 -15.051578 6.866884 0.684188 0.954902 0.270848 -0.583078 0.230306 0.394924 1.371572 -0.578120 -0.545695 -0.498584 -0.122756 -1.262480 82.301211 67.993225 0.059833 0.896403 -0.246828 784.521501 718.069717 66.881415 
-4.577407 -45.574283 0.648309 22.473813 -16.787142 6.165446 0.695001 0.953692 0.199596 -0.736051 0.303215 0.407498 1.333354 -1.257927 -1.038954 -0.361852 -0.117595 -0.887985 83.121723 68.621727 0.035522 0.434857 -0.154252 783.735891 717.799748 66.408282 
-1.706569 -50.348343 -1.116127 23.575727 -18.993091 5.899536 0.705426 0.952888 0.117312 -0.812243 0.397639 0.359355 1.102314 -1.529669 -1.524878 -0.008419 -0.112541 -0.023427 83.758170 68.893173 0.020788 -0.050873 -0.102948 783.200319 717.915533 65.780426 
1.087933 -54.727835 -3.408333 24.569861 -21.114927 5.938296 0.715856 0.952352 0.054958 -0.839942 0.486420 0.299828 0.905409 -1.147521 -1.529091 -0.003572 -0.112590 -0.011913 84.158046 68.299779 -0.003626 -0.501912 -0.101433 782.267942 718.201663 64.600801 
3.681966 -58.553059 -6.448330 25.132764 -22.627381 5.846268 0.726568 0.951975 0.020940 -0.825765 0.539893 0.285698 0.869168 -0.425934 -1.048374 -0.059213 -0.116511 -0.207258 84.391288 67.352821 -0.009032 -0.879132 -0.114738 781.194370 718.476310 63.264846 
6.059864 -61.769472 -10.008111 25.223054 -23.492492 5.793684 0.737594 0.951716 0.000000 -0.755613 0.561085 0.260162 1.014060 0.101850 -0.609131 0.024481 -0.105011 0.094099 84.431633 66.681441 0.000000 -1.181373 -0.101191 780.194510 718.685694 62.122355 
8.294790 -64.438852 -12.870350 25.083114 -24.060715 5.888588 0.748714 0.951604 0.000000 -0.726334 0.576195 0.211468 1.221450 0.185449 -0.543349 0.051309 -0.089753 0.242635 84.208766 66.450234 0.000000 -1.444888 -0.061051 779.089027 718.915111 61.069675 
10.464613 -66.673800 -14.167979 24.971715 -24.690006 6.080638 0.759702 0.951737 0.000000 -0.768736 0.603937 0.152311 1.315173 0.087140 -0.716896 0.062949 -0.086768 0.413293 83.941382 66.486752 0.000000 -1.703749 -0.015250 778.163999 719.309755 60.254725 
12.572267 -68.496575 -13.847554 24.914667 -25.422911 6.359429 0.770552 0.952208 0.000000 -0.817986 0.624709 0.093770 1.261017 0.104291 -0.758708 0.051361 -0.092645 0.547737 83.901246 66.494644 0.000000 -1.957474 0.012895 777.768588 719.940598 59.815019 
14.579925 -69.854828 -12.645307 24.761595 -26.048125 6.717190 0.781405 0.953042 0.000000 -0.828848 0.618667 0.033577 1.174862 0.353455 -0.513093 0.020973 -0.091925 0.624621 84.201786 66.306533 0.000000 -2.184269 0.031940 777.952483 720.777622 59.635905 
16.456524 -70.730256 -11.002244 24.387475 -26.381230 7.110051 0.792376 0.954207 0.000000 -0.804639 0.580387 -0.022279 1.134902 0.668789 -0.172567 -0.015804 -0.081756 0.709365 84.607769 66.075755 0.000000 -2.367330 0.057450 778.495209 721.761757 59.694573 
18.208213 -71.082768 -9.965221 23.790504 -26.422811 7.544295 0.803481 0.955663 0.000000 -0.772297 0.517086 -0.076100 1.115626 0.894058 0.066967 -0.055947 -0.062093 0.735184 85.642467 65.937139 0.000000 -2.505452 0.092650 779.894205 722.862270 59.873151 
19.851660 -70.930304 -10.000286 23.030928 -26.262077 7.974511 0.814699 0.957368 0.071910 -0.744771 0.451361 -0.121398 1.087011 1.033350 0.175944 -0.085258 -0.043129 0.702299 85.980152 65.939587 -0.050337 -2.602856 0.123465 780.842591 724.066145 59.950138 
21.395707 -70.869785 -9.728815 22.147474 -25.970082 8.368272 0.826049 0.959232 0.086290 -0.715662 0.409383 -0.158286 1.052022 1.135925 0.242162 -0.099869 -0.033644 0.630940 85.438444 66.002426 -0.060403 -2.657032 0.146998 781.032783 725.373184 58.360491 
22.855249 -71.158514 -9.013417 21.141640 -25.556327 8.725859 0.837558 0.961205 0.044969 -0.675982 0.375371 -0.192455 1.018250 1.215844 0.301631 -0.109879 -0.027002 0.570933 85.206285 66.074973 -0.031478 -2.665414 0.159566 781.648067 726.770199 57.446033 
24.208159 -71.466532 -8.076785 20.009281 -25.012262 9.045097 0.849235 0.963273 0.015364 -0.626655 0.345494 -0.224478 0.986451 1.261133 0.355568 -0.112794 -0.022116 0.502471 85.423530 66.143757 -0.010755 -2.628444 0.162275 782.791968 728.212654 57.199082 
25.430718 -71.503499 -7.039007 18.750027 -24.332585 9.324942 0.861080 0.965417 0.000000 -0.572172 0.316042 -0.254595 0.956911 1.272590 0.397500 -0.111559 -0.017883 0.438182 85.794549 66.213559 0.000000 -2.548003 0.158769 784.151212 729.656722 57.401172 
26.514946 -71.191769 -5.968582 17.367535 -23.518676 9.565770 0.873093 0.967602 0.000000 -0.512552 0.286973 -0.283243 0.929664 1.244463 0.424776 -0.105188 -0.014121 0.371372 86.154161 66.287873 0.000000 -2.426328 0.152612 785.527637 731.072604 57.603933 
27.457220 -70.561326 -4.867613 15.865709 -22.576187 9.768626 0.885279 0.969793 0.000000 -0.450214 0.257659 -0.309933 0.903800 1.181473 0.435217 -0.096044 -0.010687 0.309886 86.430008 66.373269 0.000000 -2.264159 0.144205 786.835097 732.437640 57.768055 
28.255083 -69.635870 -3.777230 14.250968 -21.513492 9.932418 0.897639 0.971953 0.000000 -0.385011 0.229984 -0.334014 0.877106 1.081144 0.433571 -0.080802 -0.008345 0.241913 86.652419 66.463063 0.000000 -2.062919 0.132521 788.077739 733.730735 57.887811 
28.907760 -68.431915 -2.761068 12.530068 -20.337020 10.056543 0.910168 0.974048 0.000000 -0.318226 0.203764 -0.354992 0.847948 0.949053 0.422537 -0.062681 -0.007111 0.176569 86.801368 66.551855 0.000000 -1.825157 0.117397 789.213963 734.930566 57.958578 
29.417356 -66.972178 -1.852518 10.708989 -19.050846 10.141593 0.922861 0.976035 0.000000 -0.249360 0.175268 -0.373032 0.815799 0.783988 0.394773 -0.041266 -0.005788 0.110623 86.872240 66.636609 0.000000 -1.553947 0.100235 790.210378 736.013900 57.969567 
29.787466 -65.284799 -1.011463 8.797432 -17.664429 10.188627 0.935706 0.977871 0.000000 -0.181778 0.144287 -0.388136 0.780422 0.597233 0.347636 -0.019009 -0.004435 0.048975 86.846075 66.718362 0.000000 -1.252986 0.081155 791.025143 736.954590 57.919994 
30.025061 -63.392204 -0.258965 6.809549 -16.193684 10.201363 0.948685 0.979505 0.000000 -0.116632 0.111775 -0.400279 0.741636 0.396555 0.283335 0.001485 -0.003148 -0.003710 86.747764 66.794990 0.000000 -0.926816 0.060342 791.654557 737.724799 57.813783 
30.138829 -61.315164 0.390322 4.762570 -14.658734 10.181176 0.961780 0.980883 0.000000 -0.054385 0.077684 -0.413047 0.702995 0.189416 0.203810 0.026500 -0.001861 -0.064158 86.564926 66.865071 0.000000 -0.580524 0.038605 792.067099 738.294378 57.668341 
30.140721 -59.075745 0.923958 2.678321 -13.086066 10.127128 0.974963 0.981952 0.000000 0.006414 0.043611 -0.430521 0.670040 -0.022616 0.116018 0.048695 -0.001223 -0.113107 86.299544 66.928488 0.000000 -0.219993 0.016026 792.245932 738.633593 57.482504 
30.043825 -56.717127 1.331635 0.578032 -11.507572 10.049392 0.988217 0.982664 0.000000 0.064970 0.009279 -0.456375 0.647169 -0.229679 0.024507 0.064942 -0.000950 -0.142300 85.912528 66.993199 0.000000 0.150834 -0.006782 792.161948 738.716835 57.227439 
29.863267 -54.280771 1.596187 -1.513566 -9.960444 9.960700 1.001516 0.982983 0.000000 0.121959 -0.025158 -0.493981 0.638092 -0.426280 -0.064239 0.073598 -0.000894 -0.148990 85.434177 67.051490 0.000000 0.527359 -0.029901 791.823836 738.526569 56.961635 
29.614900 -51.788206 1.731287 -3.566322 -8.486111 9.874505 1.014828 0.982887 0.000000 0.177348 -0.060076 -0.546223 0.646003 -0.603945 -0.143993 0.073435 -0.001007 -0.134441 84.863905 67.101410 0.000000 0.902361 -0.053991 791.231681 738.055852 56.718077 
29.310590 -49.249868 1.778318 -5.552442 -7.123509 9.802202 1.028118 0.982377 0.000000 0.231648 -0.096183 -0.615213 0.673354 -0.757959 -0.209599 0.062493 -0.000488 -0.101580 84.207933 67.144119 0.000000 1.268727 -0.079048 790.397384 737.310575 56.502554 
28.958956 -46.667155 1.719464 -7.448372 -5.904975 9.755074 1.041359 0.981478 0.000000 0.284906 -0.133554 -0.701888 0.721194 -0.884459 -0.255849 0.034125 0.000959 -0.048618 83.473398 67.181133 0.000000 1.620191 -0.105295 789.334757 736.312311 56.303554 
28.562781 -44.038397 1.561620 -9.239550 -4.849619 9.745647 1.054539 0.980238 0.000000 0.332747 -0.171028 -0.800171 0.783809 -0.972963 -0.279937 -0.016174 0.003915 0.020213 82.654587 67.212218 0.000000 1.952424 -0.130962 788.063488 735.097590 56.110815 
28.118642 -41.361791 1.351823 -10.924686 -3.956672 9.774117 1.067660 0.978726 0.000000 0.382714 -0.207650 -0.903962 0.852426 -1.051716 -0.284549 -0.068014 0.008706 0.075240 81.765718 67.235447 0.000000 2.263844 -0.153159 786.621959 733.713628 55.911899 
27.622261 -38.635138 1.119582 -12.505995 -3.218964 9.828457 1.080733 0.977016 0.000000 0.436808 -0.242232 -1.006834 0.919007 -1.124105 -0.269606 -0.105431 0.015405 0.104715 80.817351 67.256583 0.000000 2.553587 -0.168928 785.048646 732.212496 55.692397 
27.071920 -35.858332 0.876865 -13.981907 -2.634233 9.891838 1.093764 0.975180 0.000000 0.494700 -0.273136 -1.104648 0.977328 -1.183160 -0.233019 -0.117801 0.023270 0.106642 79.820130 67.285870 0.000000 2.820203 -0.176845 783.393851 730.645142 55.450197 
26.469850 -33.037130 0.644900 -15.345233 -2.208367 9.951937 1.106756 0.973280 0.000000 0.555586 -0.298065 -1.194502 1.025423 -1.218454 -0.171739 -0.112049 0.031678 0.093804 78.782909 67.335242 0.000000 3.061300 -0.176931 781.713290 729.056466 55.196584 
25.822483 -30.183839 0.449158 -16.583646 -1.954913 10.001858 1.119707 0.971363 0.000000 0.617990 -0.314053 -1.274156 1.059218 -1.217742 -0.085331 -0.096824 0.039025 0.075991 77.717646 67.413209 0.000000 3.273536 -0.170749 780.062689 727.482993 54.949585 
25.141190 -27.320043 0.312722 -17.682458 -1.890743 10.041796 1.132610 0.969461 0.000000 0.679761 -0.318673 -1.343095 1.080121 -1.171986 0.018973 -0.080992 0.044591 0.060302 76.637610 67.520471 0.000000 3.452777 -0.160652 778.489365 725.950871 54.727673 
24.440588 -24.475640 0.244372 -18.629689 -2.028504 10.075629 1.145454 0.967591 0.000000 0.738455 -0.310412 -1.400579 1.089885 -1.079908 0.125628 -0.080270 0.048122 0.057312 75.558267 67.648472 0.000000 3.594854 -0.148764 777.028720 724.476558 54.548312 
23.736422 -21.689739 0.263222 -19.420706 -2.369731 10.105780 1.158236 0.965759 0.000000 0.791786 -0.292204 -1.450593 1.095939 -0.951190 0.216355 -0.066192 0.051137 0.045631 74.490380 67.784786 0.000000 3.696472 -0.135796 775.705217 723.068406 54.426101 
23.042412 -19.011085 0.415293 -20.060570 -2.902193 10.115812 1.170959 0.963971 0.000000 0.838069 -0.271491 -1.499290 1.105231 -0.800256 0.284511 0.011923 0.056473 -0.007952 73.447827 67.925828 0.000000 3.756538 -0.119733 774.541906 721.731768 54.377492 
22.367452 -16.488233 0.700551 -20.558780 -3.610960 10.082233 1.183641 0.962239 0.000000 0.876216 -0.256699 -1.553176 1.122285 -0.634164 0.342860 0.180880 0.067343 -0.116458 72.441179 68.093366 0.000000 3.776590 -0.096647 773.573899 720.475330 54.430437 
21.716093 -14.173163 1.121502 -20.920279 -4.495821 9.989556 1.196311 0.960593 0.000000 0.904976 -0.248127 -1.605938 1.140759 -0.444233 0.409144 0.328147 0.082622 -0.204334 71.481424 68.335766 0.000000 3.760589 -0.065763 772.858329 719.313306 54.633149 
21.092559 -12.121999 1.674071 -21.136908 -5.586191 9.855431 1.208994 0.959063 0.000000 0.922751 -0.238338 -1.643504 1.146468 -0.214292 0.484887 0.411170 0.100279 -0.250179 70.588187 68.706882 0.000000 3.713196 -0.028001 772.460597 718.260447 55.044942 
20.504398 -10.399570 2.357170 -21.187206 -6.935756 9.707539 1.221713 0.957672 0.000000 0.927037 -0.223321 -1.660989 1.140460 0.066478 0.563938 0.427290 0.120381 -0.257251 69.785111 69.263186 0.000000 3.638838 0.014800 772.446806 717.323435 55.735944 
19.967161 -9.081429 2.870158 -21.035603 -8.616090 9.544658 1.234473 0.956429 0.244457 0.914629 -0.200463 -1.648650 1.107504 0.448604 0.638433 0.486636 0.138875 -0.295173 69.014902 70.040380 -0.171120 3.540490 0.061878 772.543473 716.503808 56.386275 
19.789759 -9.249961 2.012137 -20.533568 -10.791549 9.350568 1.246994 0.955491 0.458998 0.874166 -0.166170 -1.597971 1.044337 1.060977 0.691225 0.588022 0.151230 -0.367980 68.670564 71.019383 -0.094052 3.383640 0.126049 772.473571 715.959942 56.700095 
20.146291 -10.989123 2.707017 -19.576383 -13.583703 9.087490 1.259099 0.954922 0.607182 0.803837 -0.121022 -1.496946 0.940443 1.630472 0.636347 0.807770 0.150807 -0.539612 69.217213 72.389137 -0.005388 3.148925 0.184977 773.812125 715.783147 58.107552 
20.854985 -13.053389 2.777349 -18.131446 -17.032572 8.687968 1.270748 0.954763 0.580930 0.710871 -0.042238 -1.332668 0.799118 1.991344 0.266301 1.083471 0.125616 -0.813009 69.659933 74.080061 -0.024523 2.837613 0.193827 775.626939 716.010211 59.757990 
21.796144 -15.404671 3.019492 -16.300644 -21.006963 8.134740 1.282073 0.954874 0.502475 0.613009 0.043201 -1.129605 0.651348 2.033467 -0.303408 1.115864 0.090368 -0.987835 69.897880 75.652088 -0.047037 2.475754 0.161572 777.499580 716.514234 61.082625 
22.718362 -17.682191 3.495600 -14.224882 -25.330732 7.492493 1.293256 0.955086 0.399339 0.494200 0.094555 -0.933849 0.527526 1.793938 -0.707059 1.090829 0.074889 -1.168100 69.230695 77.114131 -0.075378 2.091583 0.135062 778.679560 717.124703 61.694561 
23.344840 -19.404835 3.791417 -12.023756 -29.842348 6.719261 1.304475 0.955262 0.367567 0.417815 0.129400 -0.769439 0.435212 1.571354 -0.992730 1.123899 0.069798 -1.460674 68.112283 78.449270 -0.102756 1.710780 0.114897 779.454824 717.682789 61.947833 
23.544620 -20.423328 4.098050 -9.764663 -34.427941 5.760324 1.315824 0.955318 0.442591 0.361529 0.151671 -0.623814 0.361213 1.390204 -1.178259 1.070618 0.062754 -1.716247 67.045392 79.756547 -0.106710 1.348142 0.093375 780.164595 718.092740 62.307084 
23.380378 -20.801492 4.191493 -7.443438 -39.043899 4.587904 1.327237 0.955239 0.659300 0.319314 0.168127 -0.487359 0.285823 1.271219 -1.303296 1.084502 0.060200 -2.225262 66.389919 80.955696 -0.094940 0.995569 0.082708 780.773913 718.360636 62.714974 
23.129362 -20.971723 4.211838 -5.017437 -43.621203 3.108863 1.338503 0.955071 0.912910 0.286879 0.180417 -0.351647 0.218627 1.202721 -1.377501 0.976154 0.046445 -2.775948 66.134453 81.922056 -0.084594 0.626156 0.064491 781.011426 718.587841 62.781409 
23.049684 -21.345387 4.303556 -2.460694 -48.110117 1.308617 1.349435 0.954915 1.082807 0.263576 0.188757 -0.225289 0.157205 1.159977 -1.403860 0.742502 0.029837 -3.295768 66.155517 82.610533 -0.087334 0.218034 0.045029 780.958973 718.907304 62.465808 
23.201007 -22.029360 4.478975 0.189149 -52.397645 -0.862511 1.360008 0.954881 1.133341 0.254220 0.190867 -0.109080 0.093240 1.141746 -1.325236 0.443163 0.012839 -4.062723 66.288328 83.016659 -0.094332 -0.227205 0.023019 780.805136 719.400595 61.861651 
23.468207 -22.883564 4.785488 2.841601 -56.308706 -3.614053 1.370348 0.955029 1.084274 0.252828 0.183233 -0.040394 0.042828 1.114155 -1.127262 0.221544 0.006157 -5.484529 66.275391 83.213851 -0.101502 -0.686725 0.011607 780.575656 720.061763 60.975450 
23.650230 -23.626427 5.184951 5.407272 -59.689229 -7.135397 1.380648 0.955375 1.043204 0.256430 0.172405 -0.005360 0.024468 1.081667 -0.898899 0.035151 -0.001399 -6.558379 66.039865 83.419327 -0.101906 -1.129814 0.000985 780.417446 720.829979 60.067861 
23.634380 -24.093644 5.644691 7.851150 -62.517629 -11.308642 1.391012 0.955908 1.052843 0.263452 0.162013 0.031474 0.007577 1.055219 -0.697687 -0.235231 -0.005304 -7.473936 65.775643 83.586614 -0.093051 -1.541148 -0.005381 780.355961 721.660992 59.203552 
23.433241 -24.306966 6.170714 10.168553 -64.820739 -15.477355 1.401443 0.956616 1.093495 0.272701 0.153336 0.053610 0.000000 1.035842 -0.531903 -0.336379 0.000000 -6.274528 65.607896 83.574288 -0.076129 -1.921471 0.000000 780.285126 722.545905 58.418478 
23.112126 -24.360040 6.712288 12.373365 -66.674029 -18.572750 1.411907 0.957504 1.121448 0.280029 0.146218 0.060635 0.000000 1.015280 -0.408015 -0.244790 0.000000 -4.037113 65.554551 83.542871 -0.057729 -2.276481 0.000000 780.371351 723.506520 57.873214 
22.718082 -24.324608 7.223177 14.478838 -68.155084 -20.214045 1.422392 0.958581 1.105930 0.285273 0.139584 0.061504 0.000000 0.986687 -0.307856 -0.088834 0.000000 -1.444363 65.569926 83.571265 -0.042968 -2.608232 0.000000 780.704410 724.563424 57.634147 
22.240312 -24.191862 7.675072 16.479745 -69.298408 -20.346106 1.432936 0.959836 1.061458 0.287607 0.132886 0.046216 0.000000 0.941277 -0.217079 0.038426 0.000000 0.831434 65.592162 83.733082 -0.032559 -2.911224 0.000000 781.334920 725.706810 57.698528 
21.638782 -23.910051 8.066227 18.366650 -70.082892 -19.462002 1.443596 0.961246 1.021057 0.284737 0.123331 0.032267 0.000000 0.875735 -0.123110 0.063704 0.000000 1.974256 65.603693 84.127828 -0.022048 -3.177720 0.000000 782.325871 726.905739 57.984010 
20.891159 -23.453731 8.410073 20.133493 -70.485972 -18.060575 1.454410 0.962778 0.997665 0.276866 0.111010 0.033134 0.000000 0.794119 -0.040453 0.091233 0.000000 2.753431 65.631404 84.610750 -0.009965 -3.402776 0.000000 783.511140 728.129873 58.423102 
20.002285 -22.837175 8.710638 21.773316 -70.525545 -16.137469 1.465399 0.964400 0.986943 0.266180 0.097308 0.035862 0.000000 0.705001 0.021827 0.134780 0.000000 3.758274 65.692937 85.062326 0.001691 -3.584366 0.000000 784.756525 729.358678 58.991117 
18.989129 -22.091428 8.966084 23.279558 -70.223433 -13.593548 1.476570 0.966089 0.977733 0.254200 0.082991 0.025630 0.000000 0.615086 0.065797 0.121885 0.000000 4.755565 65.785935 85.506031 0.011334 -3.722215 0.000000 786.071329 730.580035 59.654663 
17.869936 -21.240710 9.167691 24.668455 -69.499380 -11.925226 1.487912 0.967835 0.956148 0.237128 0.055476 -0.043123 0.000000 0.538351 0.091135 -0.026750 0.000000 0.620312 65.880069 86.794369 0.017655 -3.819171 0.000000 788.229769 731.790042 60.189708 
16.645319 -20.285773 9.316340 25.951954 -68.372287 -11.620724 1.499429 0.969611 0.928264 0.199639 0.019900 0.062804 0.000000 0.404670 0.041156 0.085167 0.000000 1.356075 66.000753 87.149907 0.021571 -3.875455 0.000000 789.561313 732.976757 60.815685 
15.296543 -19.216818 9.433014 27.084289 -67.051603 -10.361412 1.511180 0.971357 0.905965 0.179391 0.000052 -0.007100 0.000000 0.322525 0.000125 -0.015228 0.000000 2.144827 66.120476 87.527436 0.024681 -3.883294 0.000000 790.905425 734.101646 61.376962 
13.830566 -18.035230 9.515044 28.091212 -65.494083 -9.333173 1.523147 0.973048 0.883275 0.162397 -0.015242 0.020433 0.000000 0.257537 -0.042572 0.033853 0.000000 1.656762 66.232631 88.004242 0.026476 -3.846955 0.000000 792.327857 735.154272 61.869565 
12.248053 -16.738863 9.563843 28.969252 -63.752844 -8.222680 1.535332 0.974644 0.861080 0.146072 -0.027484 0.009413 0.000000 0.200611 -0.084351 0.018312 0.000000 1.945459 66.339990 88.286994 0.028111 -3.768247 0.000000 793.538421 736.112490 62.327000 
10.556189 -15.331165 9.577386 29.727268 -61.847839 -7.120276 1.547725 0.976112 0.835327 0.125646 -0.039600 0.006902 0.000000 0.148200 -0.132137 0.011938 0.000000 1.729641 66.440344 88.579340 0.029948 -3.651220 0.000000 794.703384 736.959018 62.711017 
8.765135 -13.820341 9.546469 30.372786 -59.799645 -6.123402 1.560314 0.977412 0.804965 0.090049 -0.059849 0.010706 0.000000 0.089463 -0.212071 0.018078 0.000000 1.688578 66.539469 88.738005 0.031164 -3.499875 0.000000 795.675871 737.673971 63.018064 
6.881872 -12.218396 9.474433 30.907957 -57.656549 -5.113551 1.573100 0.978501 0.769339 0.036749 -0.088805 0.004343 0.000000 0.029744 -0.324757 0.007280 0.000000 1.676076 66.649286 88.736229 0.032254 -3.315177 0.000000 796.424114 738.231911 63.162624 
4.917049 -10.545562 9.365249 31.337719 -55.462817 -4.148489 1.586085 0.979334 0.728572 0.010295 -0.095117 0.004884 0.000000 0.006585 -0.353826 0.007712 0.000000 1.579087 66.762067 88.622379 0.033096 -3.097520 0.000000 796.956211 738.605566 63.199950 
2.897576 -8.840643 9.230266 31.672321 -53.240900 -3.227485 1.599244 0.979858 0.684289 -0.010095 -0.096021 0.003303 0.000000 -0.004954 -0.360577 0.004983 0.000000 1.508462 66.874314 88.396912 0.034528 -2.852331 0.000000 797.237895 738.763662 63.179729 
0.865428 -7.166546 9.093045 31.926359 -51.001754 -2.371686 1.612534 0.980017 0.642610 -0.028975 -0.094555 0.002662 0.000000 -0.010678 -0.357370 0.003633 0.000000 1.364515 66.990846 88.073415 0.037335 -2.587907 0.000000 797.252761 738.673075 63.116641 
-1.122696 -5.612851 8.992842 32.115381 -48.750310 -1.603512 1.625903 0.979760 0.614387 -0.046345 -0.093080 0.002594 0.000000 -0.012593 -0.353463 0.003157 0.000000 1.217342 67.129027 87.634341 0.041685 -2.313870 0.000000 796.979340 738.303162 63.037147 
-2.999275 -4.288222 8.981325 32.253826 -46.487553 -0.932996 1.639294 0.979055 0.612673 -0.062057 -0.092070 0.001915 0.000000 -0.012231 -0.351703 0.001970 0.000000 1.028558 67.313776 87.077858 0.046449 -2.040196 0.000000 796.430516 737.633661 62.974851 
-4.699442 -3.296398 9.109613 32.351470 -44.206712 -0.385713 1.652657 0.977900 0.647991 -0.075799 -0.091630 0.002136 0.000000 -0.009948 -0.353754 0.001727 0.000000 0.808558 67.563168 86.400765 0.049656 -1.775936 0.000000 795.638439 736.664695 62.966858 
-6.186382 -2.692748 9.396592 32.407395 -41.892511 0.020079 1.665968 0.976343 0.724569 -0.087004 -0.092404 0.002681 0.000000 -0.004562 -0.363577 0.001488 0.000000 0.555256 67.853982 85.614525 0.049324 -1.526714 0.000000 794.638745 735.424478 63.021577 
-7.474055 -2.447657 9.804936 32.406057 -39.521643 0.287007 1.679243 0.974475 0.832449 -0.095266 -0.093314 0.003105 0.000000 0.006200 -0.378253 0.001046 0.000000 0.336831 68.103658 84.738680 0.045358 -1.292645 0.000000 793.442135 733.972052 63.094707 
-8.627175 -2.449930 10.283982 32.319891 -37.065478 0.424374 1.692534 0.972423 0.939251 -0.100222 -0.094423 0.005058 0.000000 0.023384 -0.398315 0.000724 0.000000 0.143114 68.222541 83.805535 0.040514 -1.068623 0.000000 792.070157 732.388443 63.123373 
-9.734088 -2.547423 10.750149 32.120264 -34.502578 0.467284 1.705913 0.970310 1.020233 -0.102360 -0.095474 0.004504 0.000000 0.045434 -0.421119 -0.000032 0.000000 -0.007201 68.182887 82.842698 0.036961 -0.847439 0.000000 790.588856 730.754088 63.090621 
-10.870977 -2.606022 11.126496 31.788424 -31.821241 0.405025 1.719433 0.968225 1.065669 -0.103010 -0.096138 0.004739 0.000000 0.069441 -0.443373 -0.000955 0.000000 -0.201432 68.037572 81.871767 0.037050 -0.623809 0.000000 789.102340 729.131320 63.035070 
-12.078697 -2.549203 11.363920 31.320473 -29.027148 0.244886 1.733124 0.966215 1.072640 -0.102514 -0.096318 0.006639 0.000000 0.091993 -0.460781 -0.002094 0.000000 -0.315362 67.873013 80.889595 0.040207 -0.396420 0.000000 787.697065 727.555182 63.010249 
-13.357083 -2.369131 11.454802 30.728856 -26.146370 0.043983 1.746978 0.964279 1.047321 -0.101389 -0.096191 0.006704 0.000000 0.110057 -0.471402 -0.002378 0.000000 -0.354714 67.759250 79.898958 0.045527 -0.168420 0.000000 786.405887 726.031061 63.042280 
-14.664128 -2.124384 11.421856 30.042436 -23.216919 -0.175500 1.760953 0.962376 1.006368 -0.100987 -0.096028 0.006628 0.000000 0.122516 -0.474857 -0.002509 0.000000 -0.378487 67.736202 78.893244 0.050658 0.051634 0.000000 785.192707 724.540537 63.113546 
-15.928955 -1.919593 11.314831 29.301218 -20.286135 -0.396637 1.774979 0.960448 0.968627 -0.102513 -0.096830 0.007118 0.000000 0.130100 -0.474750 -0.002502 0.000000 -0.351512 67.809899 77.863212 0.055171 0.251043 0.000000 784.006342 723.053287 63.203781 
-17.076491 -1.866273 11.195972 28.547955 -17.407877 -0.583875 1.788983 0.958441 0.950579 -0.106253 -0.100189 0.006691 0.000000 0.133366 -0.477722 -0.001806 0.000000 -0.269882 67.961260 76.814555 0.060365 0.416273 0.000000 782.829430 721.541357 63.322512 
-18.052862 -2.040329 11.105552 27.820972 -14.638407 -0.711343 1.802909 0.956325 0.953106 -0.114198 -0.108468 0.005518 0.000000 0.135072 -0.491859 -0.000839 0.000000 -0.152105 68.149542 75.767538 0.065547 0.536379 0.000000 781.680608 719.991217 63.499565 
-18.838687 -2.462957 11.056932 27.151640 -12.042166 -0.758844 1.816733 0.954097 0.970332 -0.127927 -0.124172 0.003475 0.000000 0.135887 -0.519024 0.000006 0.000000 0.001639 68.324193 74.750299 0.071426 0.605021 0.000000 780.588522 718.405364 63.756840 
-19.444599 -3.108479 11.027842 26.567939 -9.703561 -0.692677 1.830458 0.951771 0.995768 -0.148257 -0.149196 0.001092 0.000000 0.132509 -0.545795 0.000263 0.000000 0.240892 68.451226 73.793852 0.079789 0.620386 0.000000 779.582862 716.798034 64.105064 
-19.893701 -3.933667 10.974998 26.099612 -7.736390 -0.465263 1.844103 0.949378 1.024539 -0.175562 -0.183537 -0.004384 0.000000 0.118208 -0.536748 -0.002306 0.000000 0.525874 68.539683 72.933513 0.092729 0.583683 0.000000 778.706910 715.190287 64.567947 
-20.201545 -4.914099 10.872450 25.778527 -6.273264 -0.071115 1.857688 0.946953 1.056951 -0.209630 -0.221746 -0.009566 0.000000 0.083658 -0.435249 -0.007670 0.000000 0.801816 68.646415 72.205608 0.112552 0.497596 0.000000 778.040481 713.607378 65.214466 
-20.366743 -6.063182 10.730571 25.633476 -5.442864 0.461574 1.871239 0.944545 1.078522 -0.248254 -0.252116 -0.010400 0.007988 0.020798 -0.202104 -0.010017 -0.005592 0.963192 68.849800 71.630314 0.135072 0.366165 -0.008788 777.672096 712.077180 66.129932 
-20.370676 -7.428634 10.566873 25.679068 -5.346061 1.013305 1.884779 0.942204 1.077355 -0.301721 -0.263976 0.006348 0.044000 -0.071831 0.133291 0.005075 -0.030800 0.799474 69.224695 71.172115 0.157050 0.194227 -0.048366 777.611064 710.625943 67.327350 
-20.172138 -9.089001 10.387475 25.927171 -6.113433 1.306303 1.898303 0.939991 1.049652 -0.350823 -0.250778 0.067180 0.138157 -0.215422 0.544241 0.007627 -0.096710 0.113537 69.821461 70.796196 0.175817 -0.016087 -0.150783 777.704953 709.288434 68.669860 
-19.695873 -11.153419 10.176652 26.431998 -7.993329 1.367063 1.911732 0.937984 0.989806 -0.396083 -0.219417 0.134023 0.359884 -0.416781 0.826129 0.046139 0.010779 0.344264 70.694888 70.701131 0.185991 -0.271908 -0.037166 778.095596 708.124568 70.215432 
-18.855949 -13.733871 9.899793 27.177347 -10.353716 1.575458 1.924949 0.936260 0.896201 -0.455994 -0.211239 0.159114 0.548221 -0.682665 0.889103 0.016531 -0.018197 0.103896 71.841373 70.833701 0.178534 -0.584586 -0.080408 778.637734 707.218506 71.640852 
-17.595055 -16.877193 9.514740 28.216080 -12.986814 1.469569 1.937803 0.934871 0.775251 -0.532109 -0.097400 0.228755 0.622161 -1.052181 0.454434 -0.055588 -0.054856 -0.243004 73.085400 71.179838 0.151377 -0.968236 -0.110859 779.392375 706.639407 72.958414 
-15.966556 -20.502692 9.012955 29.511211 -15.915329 1.479699 1.950315 0.933774 0.644859 -0.610632 -0.019837 0.244397 0.633793 -1.437276 0.102141 0.056898 -0.061234 0.232811 74.343235 71.543759 0.121882 -1.411301 -0.098402 780.288423 706.353049 74.098898 
-14.069792 -24.500244 8.435337 30.936374 -19.002851 1.738324 1.962607 0.932872 0.534352 -0.633231 0.119415 0.229960 0.543256 -1.494900 -0.609962 0.115098 -0.074166 0.500512 75.577187 71.458832 0.102953 -1.886848 -0.104071 780.949243 706.264166 74.847524 
-12.033360 -28.721220 7.750633 32.211157 -21.818897 2.036124 1.974899 0.932061 0.446174 -0.542160 0.356554 0.228790 0.457160 -1.000014 -1.503001 0.084814 -0.115545 0.370705 76.838738 70.371684 0.093927 -2.358278 -0.160984 781.030098 706.229931 74.996330 
-9.924063 -33.056822 6.885647 33.061273 -23.910263 2.190486 1.987318 0.931265 0.374813 -0.488053 0.520844 0.251284 0.478414 -0.485449 -1.456082 0.043840 -0.152453 0.174466 78.134599 68.721993 0.083229 -2.809708 -0.217417 780.781912 706.126328 74.909727 
-7.744084 -37.464689 5.825050 33.421751 -25.180792 2.246535 1.999834 0.930461 0.299775 -0.465725 0.600374 0.275228 0.702805 -0.138359 -0.950911 -0.003700 -0.164090 -0.013443 79.383535 67.391541 0.077229 -3.246651 -0.243008 780.523065 705.920933 74.923008 
-5.424542 -41.897984 4.464186 33.555123 -25.999820 2.258508 2.012183 0.929706 0.229779 -0.493266 0.642853 0.291403 1.041099 -0.134207 -0.876950 0.060994 -0.168966 0.209312 80.398301 66.707328 0.063682 -3.705899 -0.243083 779.947192 705.725087 74.594137 
-2.889009 -46.330780 2.776922 33.837738 -26.943220 2.546725 2.024037 0.929108 0.169463 -0.586265 0.707148 0.252365 1.219603 -0.411177 -1.297211 0.175694 -0.170568 0.696191 81.140027 66.480558 0.041886 -4.230235 -0.202433 779.124828 705.718934 73.817775 
