89.047159
57.453184
0.164365
17.647251
43.931720
0.319456

35.785546
53.498401
0.220997
33.467640
43.461312
0.983628

80.912719
12.980845
0.288937
65.928457
65.076266
0.026073

65.093789
6.935456
0.306030
49.880451
74.683584
0.042335

43.664350
69.630211
0.439793
43.871120
8.350108
0.014561

75.355846
14.771441
0.281257
50.561034
75.373791
0.372696

85.515965
11.893216
0.554431
51.902371
56.491992
0.114030

98.939714
28.834929
0.451620
80.299997
13.588108
0.256372

78.253761
10.179530
0.283286
92.368120
7.630465
0.152619

92.236327
25.951183
0.526012
53.093477
62.839791
0.011141

71.910263
25.163192
0.469672
59.736357
83.475509
0.071273

25.938749
62.855582
0.334123
30.645161
49.851459
0.354009

94.539846
1.734977
0.010624
70.433494
71.289346
0.934165

80.778523
27.429832
0.785304
3.695929
36.132115
0.366174

1.358118
-0.060972
-0.126764
0.140888
-4.421989
-4.194774
4.058972
2.416608
0.523852
3.762016
5.780410
4.536011
2.905917
