17.840731 -9.972067 0.504026 -18.834708 -23.847664 3.676334 0.002820 0.963082 0.436356 0.786484 -0.067870 -0.627942 0.000000 0.451930 -0.315586 7.712867 0.000000 -12.282774 71.286171 83.484146 -0.091535 3.467231 0.000000 799.261387 721.537543 80.794124 
17.902723 -11.601445 1.541659 -17.865305 -23.779860 2.013662 0.016528 0.962185 0.751765 0.701869 -0.016677 -0.452380 0.465666 1.935042 0.082079 -1.172431 -0.325966 2.591693 69.819872 80.749640 -0.072892 3.335905 -0.485934 792.943428 720.790413 72.852588 
18.001002 -12.719101 0.800504 -15.827737 -28.140204 1.772439 0.029442 0.961098 1.012342 0.612119 0.163837 -0.453591 0.239327 2.393650 -1.446585 -0.126308 0.038008 0.278462 68.845056 82.745596 -0.140075 3.092031 0.034687 792.070803 720.197333 72.238296 
18.257774 -14.007620 0.719219 -13.358115 -33.372540 1.282152 0.041776 0.960135 1.321480 0.522031 0.198510 -0.375623 0.230910 2.292335 -1.757207 0.578819 0.040598 -1.540958 68.489269 84.173675 -0.141561 2.775414 0.048307 791.199769 719.828609 71.687806 
18.718801 -15.510181 0.725713 -10.642756 -38.636322 0.346262 0.053571 0.959606 1.465195 0.459426 0.232537 -0.251890 0.187228 2.161009 -2.043249 0.485290 0.017260 -1.926598 68.423410 85.246074 -0.159747 2.405231 0.030220 790.370066 719.876685 70.912619 
19.305637 -17.184728 0.957325 -7.821254 -43.760410 -0.993886 0.064981 0.959642 1.379104 0.418120 0.251013 -0.121652 0.119706 1.982625 -2.104118 0.320066 -0.002742 -2.630989 68.371476 85.986941 -0.152348 2.014551 0.008590 789.868138 720.401318 69.947711 
19.783582 -18.728471 1.392911 -5.060831 -48.505559 -2.860202 0.076285 0.960210 1.219452 0.391774 0.245467 0.005709 0.050352 1.768181 -1.853697 -0.020222 -0.022987 -3.542109 67.921696 86.421619 -0.149296 1.649126 -0.022262 789.412083 721.300591 68.655231 
19.919285 -19.792930 1.851297 -2.490606 -52.664578 -4.996454 0.087723 0.961202 1.143312 0.375842 0.228003 0.073822 0.000000 1.551612 -1.460871 -0.209380 0.000000 -2.836297 67.277081 86.435710 -0.143964 1.343532 0.000000 788.838622 722.413151 67.130351 
19.669624 -20.320226 2.379985 -0.138358 -56.168297 -5.848226 0.099343 0.962522 1.141313 0.364078 0.210480 0.075374 0.000000 1.386848 -1.142713 0.009770 0.000000 0.129614 66.790676 86.368035 -0.129703 1.100988 0.000000 788.540228 723.643122 66.049767 
19.142728 -20.448370 2.941471 2.059179 -59.102590 -5.524243 0.111049 0.964123 1.151977 0.351364 0.194126 -0.010642 0.000000 1.269128 -0.859660 -0.003533 0.000000 0.331997 66.527969 86.717798 -0.109184 0.902220 0.000000 788.985010 724.986024 65.411426 
18.445471 -20.322466 3.470174 4.167118 -61.423286 -5.884561 0.122764 0.966001 1.125902 0.333864 0.176051 0.044152 0.000000 1.161341 -0.605134 -0.038343 0.000000 -0.868437 66.432777 87.353332 -0.087434 0.733214 0.000000 789.999615 726.459986 65.069661 
17.624697 -20.014703 3.913005 6.185784 -63.239257 -5.946363 0.134486 0.968096 1.065001 0.318769 0.161028 0.032081 0.000000 1.056762 -0.430546 0.015909 0.000000 0.495891 66.408256 87.709068 -0.072724 0.592212 0.000000 790.934587 728.038058 64.934846 
16.668541 -19.513558 4.259184 8.111801 -64.588174 -5.693858 0.146253 0.970347 0.995151 0.303518 0.145657 0.018639 0.000000 0.961129 -0.272081 0.004271 0.000000 0.229136 66.393704 88.408169 -0.060578 0.483408 0.000000 792.352074 729.675138 64.984423 
15.561888 -18.801162 4.522215 9.945900 -65.484278 -5.497537 0.158098 0.972686 0.937737 0.287170 0.124791 0.031156 0.000000 0.863252 -0.146264 0.018417 0.000000 0.591117 66.390923 89.016718 -0.050341 0.409427 0.000000 793.738651 731.319943 65.146259 
14.308613 -17.884447 4.718955 11.687642 -65.989532 -5.052199 0.170033 0.975033 0.897134 0.268672 0.108920 0.019462 0.000000 0.767968 -0.057728 0.015455 0.000000 0.794124 66.401378 89.668234 -0.042118 0.369176 0.000000 795.176520 732.924555 65.370680 
12.923486 -16.783616 4.861678 13.343011 -66.124243 -4.533255 0.182053 0.977332 0.867813 0.247228 0.093058 0.025147 0.000000 0.670336 0.006161 0.025600 0.000000 1.017992 66.426733 90.265055 -0.035433 0.359342 0.000000 796.550437 734.457038 65.620362 
11.422949 -15.521736 4.957229 14.909896 -65.917184 -3.852093 0.194154 0.979534 0.843403 0.222396 0.077044 0.018857 0.000000 0.569858 0.048382 0.023060 0.000000 1.222848 66.464311 90.793561 -0.029222 0.376723 0.000000 797.830615 735.891784 65.869204 
9.824578 -14.123964 5.006733 16.387410 -65.386403 -3.102043 0.206330 0.981599 0.817235 0.176184 0.044799 0.018454 0.000000 0.424263 0.051273 0.024213 0.000000 1.312058 66.517175 91.237613 -0.023097 0.418339 0.000000 798.985697 737.208453 66.060341 
8.143437 -12.617367 5.014439 17.770252 -64.568450 -2.292608 0.218588 0.983485 0.785635 0.129487 0.016181 0.014758 0.000000 0.290667 0.025894 0.020613 0.000000 1.396789 66.585359 91.550838 -0.016794 0.483484 0.000000 799.953067 738.384527 66.152549 
6.395409 -11.032192 4.981657 19.053336 -63.500303 -1.498079 0.230933 0.985148 0.749358 0.073168 -0.021637 0.007241 0.000000 0.151780 -0.042820 0.009075 0.000000 1.253328 66.671155 91.731254 -0.010667 0.572111 0.000000 800.711148 739.394312 66.076154 
4.600385 -9.407016 4.917949 20.236460 -62.231973 -0.797162 0.243370 0.986539 0.711265 0.037723 -0.041780 0.010959 0.000000 0.071974 -0.095108 0.012731 0.000000 1.161646 66.767440 91.747683 -0.004507 0.684015 0.000000 801.200406 740.209030 65.864742 
2.790967 -7.797909 4.846466 21.323574 -60.805296 -0.112648 0.255884 0.987604 0.676187 0.007730 -0.055688 0.006424 0.000000 0.013558 -0.140301 0.007114 0.000000 1.107327 66.872407 91.616066 0.002282 0.815337 0.000000 801.411986 740.797734 65.551726 
1.013930 -6.283267 4.800152 22.324701 -59.244725 0.503231 0.268444 0.988296 0.651960 -0.018893 -0.066488 0.006742 0.000000 -0.030567 -0.181284 0.006571 0.000000 0.974701 66.995265 91.351824 0.009458 0.959663 0.000000 801.349292 741.133857 65.160218 
-0.673919 -4.958263 4.821123 23.249714 -57.570200 1.046042 0.281012 0.988581 0.650042 -0.042121 -0.075979 0.005036 0.000000 -0.063099 -0.220771 0.004235 0.000000 0.841049 67.155024 90.941812 0.015815 1.109751 0.000000 801.008619 741.199158 64.725682 
-2.214307 -3.919792 4.955109 24.107395 -55.793754 1.488847 0.293550 0.988454 0.681730 -0.062598 -0.085407 0.004551 0.000000 -0.086959 -0.262321 0.002940 0.000000 0.646097 67.370441 90.400849 0.018908 1.258518 0.000000 800.428365 740.993029 64.283350 
-3.567375 -3.233349 5.234804 24.899576 -53.919592 1.815299 0.306032 0.987951 0.750248 -0.078778 -0.093549 0.004621 0.000000 -0.100379 -0.302912 0.002084 0.000000 0.450844 67.636391 89.729178 0.017106 1.401191 0.000000 799.638074 740.540122 63.852158 
-4.732178 -2.896316 5.643658 25.616728 -51.940157 2.020550 0.318463 0.987155 0.852142 -0.087699 -0.098338 0.004880 0.000000 -0.099389 -0.337287 0.001152 0.000000 0.235971 67.899563 88.956555 0.009481 1.536918 0.000000 798.669585 739.893208 63.416861 
-5.755176 -2.823721 6.111542 26.237385 -49.835670 2.112985 0.330876 0.986188 0.963795 -0.093416 -0.101521 0.007335 0.000000 -0.088476 -0.371498 0.000674 0.000000 0.091820 68.076377 88.100442 -0.002572 1.669038 0.000000 797.533931 739.129717 62.925476 
-6.713065 -2.885294 6.594082 26.734183 -47.584525 2.127157 0.343324 0.985178 1.041458 -0.096042 -0.104775 0.005681 0.000000 -0.069129 -0.410791 -0.000351 0.000000 -0.061738 68.126071 87.205733 -0.013053 1.803551 0.000000 796.302903 738.332028 62.357917 
-7.679025 -2.950971 7.020338 27.089447 -45.175471 2.026322 0.355851 0.984218 1.070051 -0.096379 -0.107715 0.006226 0.000000 -0.045805 -0.450609 -0.001693 0.000000 -0.271927 68.067903 86.306038 -0.021317 1.944999 0.000000 795.066736 737.559522 61.738881 
-8.700938 -2.929599 7.333327 27.301385 -42.621056 1.820136 0.368478 0.983337 1.057402 -0.095199 -0.110075 0.007465 0.000000 -0.023072 -0.484713 -0.002973 0.000000 -0.398277 67.954319 85.401361 -0.026076 2.094210 0.000000 793.872347 736.834656 61.100777 
-9.791994 -2.786672 7.516351 27.384292 -39.953965 1.559840 0.381196 0.982514 1.028436 -0.093450 -0.111707 0.007702 0.000000 -0.004075 -0.509518 -0.003580 0.000000 -0.464794 67.841545 84.496956 -0.025411 2.247694 0.000000 792.737036 736.149007 60.466518 
-10.933958 -2.542154 7.592205 27.362461 -37.213920 1.273422 0.393976 0.981704 0.991790 -0.091703 -0.112753 0.007567 0.000000 0.009977 -0.524149 -0.003774 0.000000 -0.498743 67.767264 83.595459 -0.020314 2.399016 0.000000 791.653349 735.480636 59.850210 
-12.087865 -2.251818 7.591786 27.265354 -34.443768 0.976937 0.406778 0.980855 0.957442 -0.091388 -0.112937 0.007480 0.000000 0.019139 -0.526615 -0.003711 0.000000 -0.496092 67.748240 82.692150 -0.013191 2.540289 0.000000 790.594656 734.802208 59.255383 
-13.203013 -1.991291 7.547828 27.123530 -31.684689 0.687966 0.419558 0.979916 0.931407 -0.092790 -0.112588 0.007426 0.000000 0.024136 -0.519320 -0.003495 0.000000 -0.470651 67.784237 81.781741 -0.006730 2.662724 0.000000 789.533363 734.087479 58.684236 
-14.231144 -1.833293 7.499672 26.964313 -28.972564 0.427621 0.432272 0.978848 0.919069 -0.096655 -0.112371 0.007615 0.000000 0.026104 -0.506447 -0.003041 0.000000 -0.399330 67.859872 80.862312 -0.001750 2.757963 0.000000 788.458023 733.316901 58.148678 
-15.140787 -1.824042 7.475847 26.807557 -26.336370 0.223479 0.444894 0.977634 0.922391 -0.104669 -0.113481 0.007364 0.000000 0.026675 -0.494717 -0.002099 0.000000 -0.285015 67.948578 79.938722 0.001797 2.819858 0.000000 787.374784 732.481421 57.665330 
-15.925347 -1.970884 7.487054 26.662917 -23.796277 0.088645 0.457419 0.976277 0.936868 -0.117236 -0.116445 0.006293 0.000000 0.027194 -0.487360 -0.001068 0.000000 -0.169763 68.019461 79.020557 0.004826 2.845720 0.000000 786.299023 731.583882 57.246403 
-16.600769 -2.245844 7.519391 26.530815 -21.366884 0.025493 0.469862 0.974794 0.957616 -0.136909 -0.122951 0.006150 0.000000 0.029357 -0.490044 -0.000187 0.000000 -0.030349 68.052628 78.111042 0.008833 2.836335 0.000000 785.245421 730.635796 56.894177 
-17.195502 -2.602873 7.535680 26.405407 -19.066060 0.069734 0.482257 0.973217 0.984271 -0.164808 -0.134056 0.005573 0.000000 0.034673 -0.502943 0.001055 0.000000 0.189235 68.053822 77.207974 0.015888 2.795408 0.000000 784.234307 729.653666 56.610117 
-17.735507 -3.004759 7.500772 26.277521 -16.914237 0.247240 0.494645 0.971586 1.013901 -0.198494 -0.148878 0.002734 0.000000 0.044215 -0.518805 0.001091 0.000000 0.399005 68.058219 76.312320 0.027650 2.728339 0.000000 783.297964 728.658739 56.403850 
-18.231788 -3.441999 7.377878 26.137617 -14.933427 0.543648 0.507063 0.969948 1.048496 -0.239802 -0.168205 0.001662 0.000000 0.060027 -0.533478 0.001017 0.000000 0.611689 68.120939 75.420905 0.044354 2.640770 0.000000 782.482736 727.675917 56.298152 
-18.674810 -3.948297 7.180467 25.977569 -13.157153 0.979117 0.519548 0.968356 1.078266 -0.284263 -0.190304 -0.001458 0.000000 0.082376 -0.532130 -0.001236 0.000000 0.847372 68.300933 74.537814 0.064163 2.538424 0.000000 781.850111 726.732586 56.330808 
-19.040086 -4.587587 6.963405 25.791842 -11.623811 1.543307 0.532130 0.966860 1.094802 -0.330061 -0.214039 -0.003973 0.000000 0.110877 -0.503235 -0.004178 0.000000 1.051683 68.628251 73.685586 0.084073 2.426429 0.000000 781.467665 725.852819 56.554825 
-19.300344 -5.423833 6.744957 25.578407 -10.379562 2.231112 0.544832 0.965494 1.090016 -0.371337 -0.236238 -0.006526 0.000000 0.141617 -0.430486 -0.008241 0.000000 1.262706 69.122015 72.892670 0.101575 2.309542 0.000000 781.398263 725.050157 57.031311 
-19.425071 -6.522720 6.532216 25.340517 -9.473683 3.037632 0.557671 0.964268 1.062918 -0.403492 -0.253382 -0.009475 0.000000 0.168323 -0.307875 -0.013656 0.000000 1.441359 69.799859 72.185588 0.115972 2.191053 0.000000 781.675265 724.322370 57.812328 
-19.378830 -7.954253 6.338059 25.085260 -8.946656 3.934151 0.570647 0.963162 1.017489 -0.427613 -0.264218 -0.010920 0.000000 0.188126 -0.145638 -0.017147 0.000000 1.570259 70.685886 71.578999 0.127365 2.072136 0.000000 782.308195 723.650299 58.942500 
-19.123933 -9.787564 6.164785 24.819441 -8.824674 4.899951 0.583751 0.962131 0.950495 -0.448694 -0.266425 -0.011623 0.000000 0.203719 0.037816 -0.019449 0.000000 1.673261 71.812082 71.073886 0.133612 1.952911 0.000000 783.283703 722.999127 60.452117 
-18.627395 -12.082595 6.001262 24.523166 -9.053908 5.884911 0.596980 0.961108 0.863274 -0.463580 -0.229230 -0.007297 0.000000 0.260233 0.132903 -0.011967 0.000000 1.639925 73.214046 70.567299 0.132936 1.834708 0.000000 784.530004 722.316898 62.332024 
-17.884488 -14.854186 5.823868 24.138600 -9.480446 6.876095 0.610349 0.960006 0.765488 -0.472319 -0.211905 -0.005361 0.000000 0.350426 0.175968 -0.009049 0.000000 1.687950 74.743212 70.078425 0.119253 1.722091 0.000000 785.895948 721.535283 64.475134 
-16.925751 -18.050341 5.609984 23.639631 -10.036178 7.764487 0.623865 0.958724 0.662582 -0.449276 -0.166734 0.011936 0.077900 0.420842 0.165067 0.016966 0.019789 1.421379 76.221333 69.621509 0.098945 1.618676 0.014386 787.090972 720.584579 66.671375 
-15.752114 -21.645868 5.389769 23.017587 -10.440820 8.314900 0.637449 0.957193 0.573430 -0.362903 -0.060550 0.067108 0.251032 0.408369 0.023879 0.030268 -0.007227 0.451032 77.651028 69.010770 0.086823 1.514514 -0.050418 787.652108 719.440739 68.423810 
-14.304645 -25.652443 5.134921 22.360848 -10.564354 8.175077 0.650875 0.955444 0.498995 -0.344896 0.003189 0.186065 0.575258 0.348732 -0.000480 -0.135034 -0.062971 -0.725737 78.931834 68.363774 0.078924 1.377393 -0.179151 787.211850 718.177088 69.320763 
-12.524309 -30.044925 4.762354 21.902337 -10.773158 7.587257 0.663858 0.953635 0.426855 -0.402484 0.040612 0.302782 0.980638 0.182835 -0.027888 -0.347489 -0.121219 -1.147653 79.956442 67.897699 0.077401 1.171690 -0.298731 785.684455 716.976817 69.038137 
-10.371710 -34.762546 4.178290 21.874757 -11.453883 6.802447 0.676139 0.952016 0.356347 -0.519752 0.082469 0.378888 1.280409 -0.202792 -0.136944 -0.555195 -0.152275 -1.465327 80.866481 67.809835 0.069320 0.870671 -0.312128 783.809428 716.077096 68.123063 
-7.872837 -39.681378 3.271501 22.371619 -12.777195 5.898461 0.687629 0.950797 0.273635 -0.705330 0.125835 0.426674 1.396776 -0.884181 -0.350374 -0.632392 -0.154130 -1.482144 81.713395 68.232490 0.059580 0.473772 -0.228452 782.473191 715.646712 67.265931 
-5.150652 -44.575320 1.931536 23.310311 -14.722361 5.149545 0.698484 0.950071 0.200451 -0.828813 0.200407 0.430758 1.313449 -1.525888 -0.741563 -0.399247 -0.145099 -0.926846 82.468026 68.891595 0.034741 0.016218 -0.131940 781.876250 715.714644 66.633218 
-2.368823 -49.274973 0.202554 24.457932 -17.064361 4.932053 0.709021 0.949769 0.119935 -0.898366 0.291952 0.369383 1.071878 -1.714470 -1.170399 0.027358 -0.126995 0.074065 83.042742 69.137257 0.017702 -0.449232 -0.078211 781.468802 716.155836 65.802324 
0.294400 -53.566520 -1.994907 25.443934 -19.259624 4.991298 0.719627 0.949731 0.056946 -0.916921 0.386511 0.308331 0.869987 -1.207493 -1.243904 -0.016410 -0.119855 -0.053223 83.355198 68.521117 -0.005533 -0.865083 -0.079011 780.612574 716.745419 64.391223 
2.718592 -57.298857 -4.842676 25.955775 -20.790044 4.855116 0.730573 0.949835 0.020784 -0.880693 0.451835 0.301165 0.818313 -0.346900 -0.870504 -0.096028 -0.123829 -0.318856 83.475176 67.527761 -0.012322 -1.194387 -0.097721 779.580996 717.296506 62.811969 
4.895096 -60.414239 -8.022020 25.950750 -21.611492 4.705150 0.741878 0.950023 0.000000 -0.779961 0.481541 0.288110 0.945032 0.260915 -0.449538 -0.063872 -0.113923 -0.221694 83.424642 66.797686 0.000000 -1.439399 -0.087602 778.643523 717.743227 61.523464 
6.916829 -62.980460 -10.328305 25.671513 -22.049387 4.569879 0.753297 0.950306 0.000000 -0.740780 0.492141 0.268860 1.160215 0.382559 -0.331295 -0.048181 -0.103462 -0.179204 83.221997 66.505522 0.000000 -1.641899 -0.055865 777.669708 718.159885 60.431792 
8.882914 -65.123480 -11.128686 25.405223 -22.514554 4.527010 0.764568 0.950776 0.000000 -0.777211 0.518384 0.230464 1.294695 0.277894 -0.483066 0.016642 -0.101032 0.072210 83.033038 66.512505 0.000000 -1.841695 -0.012555 776.864534 718.696013 59.574174 
10.818143 -66.868913 -10.561224 25.233585 -23.138977 4.638822 0.775633 0.951546 0.000000 -0.831467 0.546329 0.171100 1.289233 0.213916 -0.609475 0.049292 -0.103995 0.288090 83.092567 66.580925 0.000000 -2.045616 0.024417 776.607649 719.452589 59.068033 
12.692880 -68.173032 -9.306773 25.040501 -23.753158 4.835991 0.786602 0.952672 0.000000 -0.856334 0.551301 0.109505 1.203568 0.376174 -0.489140 0.042080 -0.106890 0.384276 83.432521 66.481820 0.000000 -2.235215 0.042559 776.900519 720.433068 58.824596 
14.472742 -68.980122 -8.352969 24.673673 -24.140085 5.102271 0.797615 0.954139 0.000000 -0.837897 0.526866 0.048483 1.136594 0.678550 -0.204460 0.023636 -0.099708 0.487497 84.325783 66.253581 0.000000 -2.389502 0.062057 777.969484 721.581593 58.749898 
16.157670 -69.264950 -8.567634 24.078773 -24.216920 5.410143 0.808728 0.955904 0.000000 -0.797493 0.471171 -0.010420 1.107255 0.940215 0.049181 -0.005788 -0.084209 0.555427 84.966414 66.082246 0.000000 -2.501643 0.089811 779.039622 722.853532 58.875773 
17.721896 -69.185372 -8.099133 23.297557 -24.052942 5.748951 0.819941 0.957887 0.045905 -0.758157 0.406418 -0.066279 1.087217 1.082667 0.170705 -0.037120 -0.065468 0.560058 85.363416 66.036273 -0.032133 -2.573009 0.120292 780.044354 724.211890 58.978807 
19.237596 -69.146537 -8.147093 22.395000 -23.736412 6.066156 0.831215 0.960026 0.109304 -0.724232 0.363597 -0.110139 1.056430 1.166164 0.232451 -0.056959 -0.055725 0.517152 85.145497 66.055925 -0.076513 -2.611048 0.145987 780.511635 725.675793 57.171064 
20.705583 -69.592838 -7.548117 21.379846 -23.292483 6.365893 0.842580 0.962253 0.000000 -0.681578 0.330614 -0.148779 1.025847 1.230716 0.283591 -0.071924 -0.048774 0.483429 84.804928 66.106211 0.000000 -2.612491 0.158269 781.014032 727.236492 56.438186 
22.083154 -69.875562 -6.563824 20.251558 -22.713509 6.631523 0.854039 0.964572 0.021771 -0.633714 0.299318 -0.181138 0.987669 1.263097 0.327319 -0.074894 -0.043490 0.413466 85.499181 66.141171 -0.015239 -2.579209 0.158464 782.596815 728.832399 56.321762 
23.366698 -69.863717 -5.874743 19.005880 -21.988742 6.859562 0.865597 0.966954 0.000000 -0.578497 0.267837 -0.209589 0.952038 1.272300 0.360374 -0.074502 -0.038185 0.355468 85.802910 66.189123 0.000000 -2.512377 0.154138 783.875985 730.431288 56.444947 
24.533742 -69.543158 -4.847267 17.641608 -21.117526 7.052259 0.877270 0.969352 0.000000 -0.518479 0.237150 -0.235254 0.921536 1.238703 0.375473 -0.068937 -0.033219 0.293034 86.279644 66.239383 0.000000 -2.411841 0.147586 785.327035 731.995349 56.539969 
25.590036 -68.909702 -3.989242 16.166234 -20.109113 7.210145 0.889056 0.971729 0.000000 -0.455871 0.208643 -0.257746 0.893995 1.174131 0.377225 -0.061538 -0.028910 0.238753 86.607852 66.304470 0.000000 -2.279404 0.138571 786.639837 733.503645 56.581326 
26.523970 -68.007451 -3.065242 14.583117 -18.972246 7.335369 0.900969 0.974046 0.000000 -0.391597 0.181634 -0.277132 0.868429 1.076542 0.365892 -0.050455 -0.025016 0.182062 86.873374 66.377201 0.000000 -2.114410 0.127619 787.868706 734.931102 56.559322 
27.337431 -66.849820 -2.262526 12.902147 -17.719429 7.426516 0.913006 0.976269 0.000000 -0.326503 0.153279 -0.293066 0.840811 0.948662 0.336894 -0.036512 -0.021046 0.124587 87.048652 66.455880 0.000000 -1.919162 0.114738 788.969522 736.258451 56.474312 
28.026305 -65.463366 -1.462498 11.134252 -16.365924 7.483324 0.925164 0.978357 0.000000 -0.259674 0.124089 -0.305512 0.809291 0.789358 0.291801 -0.020537 -0.017231 0.067222 87.114046 66.538938 0.000000 -1.695860 0.099471 789.900611 737.462054 56.326318 
28.593798 -63.864197 -0.736708 9.294494 -14.931540 7.507986 0.937435 0.980269 0.000000 -0.195645 0.094074 -0.314458 0.772479 0.615939 0.232434 -0.005589 -0.013752 0.017772 87.107925 66.622226 0.000000 -1.448051 0.081563 790.671391 738.517458 56.112579 
29.043365 -62.073368 -0.083644 7.398077 -13.436900 7.505251 0.949806 0.981953 0.000000 -0.132512 0.062612 -0.322360 0.732871 0.427820 0.159816 0.009571 -0.010068 -0.029690 87.005582 66.703244 0.000000 -1.179334 0.062255 791.236816 739.395590 55.847201 
29.382765 -60.110895 0.473502 5.465520 -11.909149 7.475174 0.962260 0.983359 0.000000 -0.073588 0.029204 -0.333063 0.696213 0.240503 0.075300 0.021779 -0.006924 -0.065390 86.829236 66.780129 0.000000 -0.894406 0.041830 791.591781 740.066133 55.539954 
29.622321 -58.001278 0.923109 3.521984 -10.384909 7.430419 0.974774 0.984437 0.000000 -0.016873 -0.004798 -0.350245 0.667248 0.055135 -0.012191 0.027570 -0.004137 -0.078716 86.545969 66.857135 0.000000 -0.598321 0.021191 791.701719 740.500709 55.183784 
29.772198 -55.793339 1.264092 1.590292 -8.904457 7.388144 0.987337 0.985145 0.000000 0.037632 -0.040140 -0.378480 0.651771 -0.121342 -0.097434 0.021486 -0.001858 -0.056770 86.147118 66.939890 0.000000 -0.293367 0.000455 791.556733 740.676758 54.761319 
29.847826 -53.524605 1.468946 -0.298941 -7.517280 7.369001 0.999924 0.985459 0.000000 0.088760 -0.076580 -0.421857 0.654680 -0.277278 -0.170484 -0.000705 -0.000083 0.001672 85.658937 67.022578 0.000000 0.015450 -0.020774 791.166749 740.582800 54.339176 
29.864508 -51.217165 1.571586 -2.111916 -6.274019 7.396116 1.012500 0.985372 0.000000 0.136863 -0.113578 -0.483745 0.679274 -0.406435 -0.221132 -0.044761 0.000885 0.092531 85.081664 67.106415 0.000000 0.321095 -0.043622 790.538961 740.220865 53.942224 
29.833274 -48.881041 1.591162 -3.821081 -5.212729 7.480231 1.025036 0.984907 0.000000 0.182050 -0.150048 -0.567741 0.728732 -0.505882 -0.243231 -0.107252 0.000656 0.188910 84.430922 67.189317 0.000000 0.617128 -0.069202 789.696746 739.610088 53.568430 
29.758682 -46.516188 1.499029 -5.413703 -4.346777 7.618746 1.037515 0.984115 0.000000 0.224845 -0.184130 -0.670531 0.798701 -0.580782 -0.238861 -0.188232 -0.000882 0.280721 83.707179 67.260951 0.000000 0.899156 -0.096865 788.656865 738.788984 53.199492 
29.637414 -44.120676 1.323749 -6.895701 -3.661885 7.810485 1.049939 0.983072 0.000000 0.266040 -0.214615 -0.780238 0.873254 -0.641257 -0.218737 -0.275769 -0.001840 0.353442 82.912255 67.308590 0.000000 1.165567 -0.121414 787.445542 737.810081 52.814984 
29.462731 -41.692844 1.103513 -8.286506 -3.120359 8.029619 1.062325 0.981863 0.000000 0.305560 -0.241608 -0.889263 0.941382 -0.696049 -0.197546 -0.330794 -0.002261 0.371986 82.070304 67.321876 0.000000 1.416611 -0.139948 786.113806 736.729943 52.403687 
29.228241 -39.233896 0.863262 -9.612275 -2.673363 8.241993 1.074693 0.980561 0.000000 0.341770 -0.266204 -0.989031 0.994425 -0.748919 -0.186475 -0.327648 -0.001376 0.331282 81.199812 67.300372 0.000000 1.653434 -0.149799 784.720260 735.600501 51.973830 
28.930361 -36.749002 0.617253 -10.897036 -2.276004 8.414008 1.087062 0.979228 0.000000 0.380465 -0.289945 -1.073021 1.029179 -0.812289 -0.186258 -0.257892 0.001740 0.240342 80.317973 67.260243 0.000000 1.877104 -0.150121 783.324365 734.462639 51.542658 
28.572404 -34.250528 0.382443 -12.149000 -1.909413 8.526336 1.099441 0.977897 0.000000 0.422446 -0.313225 -1.138845 1.045067 -0.876468 -0.183862 -0.155802 0.007162 0.136807 79.429530 67.230082 0.000000 2.086768 -0.142373 781.966820 733.343184 51.126145 
28.165429 -31.757429 0.179198 -13.355248 -1.588942 8.579711 1.111818 0.976581 0.000000 0.467432 -0.334374 -1.188817 1.045207 -0.923713 -0.160134 -0.055209 0.013786 0.046440 78.536497 67.235731 0.000000 2.278925 -0.130186 780.670266 732.254607 50.735847 
27.726546 -29.295069 0.031393 -14.485991 -1.357553 8.590823 1.124171 0.975274 0.000000 0.514219 -0.349564 -1.228218 1.035496 -0.935403 -0.099520 0.002327 0.019980 -0.001894 77.639117 67.291871 0.000000 2.448039 -0.117639 779.443538 731.197542 50.379169 
27.274920 -26.892713 -0.045338 -15.506317 -1.267034 8.587093 1.136473 0.973961 0.000000 0.560759 -0.354127 -1.262763 1.023074 -0.901313 -0.003140 0.006657 0.024178 -0.005272 76.741173 67.395410 0.000000 2.588057 -0.108192 778.289185 730.165452 50.063293 
26.827119 -24.580721 -0.041647 -16.390813 -1.354991 8.590697 1.148702 0.972625 0.000000 0.604911 -0.345204 -1.296017 1.012857 -0.827620 0.105759 -0.024629 0.026093 0.019004 75.847224 67.525880 0.000000 2.694206 -0.102832 777.208536 729.149510 49.798429 
26.393133 -22.392054 0.083167 -17.135116 -1.626211 8.602194 1.160858 0.971256 0.000000 0.645169 -0.326985 -1.334131 1.013486 -0.736518 0.196342 -0.041195 0.027183 0.030878 74.964715 67.654453 0.000000 2.764789 -0.100310 776.204510 728.142950 49.592636 
25.973486 -20.353576 0.329865 -17.756187 -2.053680 8.598197 1.172960 0.969861 0.000000 0.681168 -0.308318 -1.380620 1.025844 -0.651389 0.255534 0.046611 0.030555 -0.033761 74.103958 67.763321 0.000000 2.801834 -0.096089 775.287106 727.147239 49.455428 
25.561022 -18.488826 0.692710 -18.280608 -2.599195 8.551929 1.185042 0.968462 0.000000 0.713412 -0.296791 -1.435617 1.048349 -0.581602 0.296281 0.192624 0.038496 -0.134175 73.266862 67.865764 0.000000 2.810310 -0.086125 774.482407 726.172732 49.406252 
25.144024 -16.820541 1.183014 -18.729881 -3.236277 8.424789 1.197149 0.967097 0.000000 0.742453 -0.299563 -1.501445 1.079754 -0.518061 0.344307 0.427603 0.052648 -0.284794 72.456389 68.007877 0.000000 2.796823 -0.066975 773.841114 725.237793 49.482693 
24.709150 -15.368511 1.794505 -19.107369 -3.977954 8.237749 1.209322 0.965814 0.000000 0.767956 -0.303500 -1.555685 1.102479 -0.436700 0.412089 0.537058 0.069217 -0.345223 71.680644 68.246850 0.000000 2.768109 -0.040206 773.430170 724.366625 49.735788 
24.246835 -14.152422 2.508740 -19.398775 -4.867746 8.028598 1.221591 0.964653 0.000000 0.788431 -0.299240 -1.587017 1.109027 -0.319006 0.495347 0.533142 0.086344 -0.335940 70.955010 68.619802 0.000000 2.729287 -0.008854 773.309482 723.577412 50.216353 
23.751802 -13.193287 3.326774 -19.579153 -5.962745 7.817857 1.233978 0.963632 0.000000 0.801450 -0.284543 -1.592550 1.096374 -0.154434 0.583395 0.574588 0.103460 -0.360798 70.294454 69.158770 0.000000 2.683903 0.024474 773.526497 722.875553 50.974853 
23.216056 -12.491296 4.211389 -19.615769 -7.329346 7.604400 1.246494 0.962750 0.002679 0.804499 -0.259800 -1.569789 1.060474 0.063196 0.667621 0.555707 0.117254 -0.354001 69.679403 69.907112 -0.001876 2.634333 0.053360 774.098001 722.252044 52.052401 
22.603129 -11.965021 5.051149 -19.470388 -9.045705 7.401865 1.259147 0.961987 0.031366 0.794750 -0.225436 -1.520936 1.004112 0.339551 0.728517 0.506030 0.128276 -0.332710 69.074552 70.908769 -0.021956 2.583000 0.076729 774.962740 721.683451 53.405489 
21.954136 -11.766632 5.651703 -19.081932 -11.204331 7.204729 1.271885 0.961311 0.108775 0.768505 -0.180937 -1.443252 0.923362 0.694266 0.734775 0.488588 0.132841 -0.338533 68.555735 72.172703 -0.076143 2.524266 0.092169 775.964986 721.153810 54.906182 
21.365407 -12.118355 6.179110 -18.374075 -13.897902 6.991068 1.284590 0.960688 0.268388 0.723028 -0.128102 -1.334594 0.819782 1.082622 0.643135 0.523409 0.127180 -0.392186 68.170023 73.693164 0.000425 2.443939 0.098814 777.104092 720.663317 56.531743 
20.833788 -12.447072 6.432863 -17.282595 -17.170523 6.721001 1.297103 0.960109 0.456266 0.659210 -0.027231 -1.193026 0.704167 1.435211 0.162475 0.669960 0.102139 -0.561564 67.701035 75.203992 -0.036336 2.319416 0.086512 777.798887 720.241468 57.693244 
20.468497 -12.808730 6.239615 -15.789525 -20.966092 6.374744 1.309224 0.959584 0.650368 0.583038 0.038588 -1.031649 0.592195 1.658273 -0.261918 0.659306 0.081662 -0.639080 67.391219 76.481551 -0.066691 2.122833 0.080328 778.129495 719.944929 58.331657 
20.381443 -13.445165 6.067366 -13.910541 -25.213264 5.955214 1.320833 0.959141 0.811291 0.489519 0.093111 -0.872838 0.499960 1.695818 -0.695114 0.730090 0.067336 -0.836456 67.280836 77.673937 -0.077541 1.842824 0.080172 778.383619 719.828712 58.725879 
20.589699 -14.397696 5.848111 -11.711829 -29.778998 5.372841 1.331931 0.958840 0.893176 0.393232 0.130387 -0.724197 0.416059 1.534835 -1.021872 0.858330 0.063795 -1.185217 67.357328 78.698003 -0.086863 1.488739 0.089355 778.697759 719.940438 58.966056 
21.006809 -15.597498 5.676196 -9.303675 -34.494294 4.563483 1.342650 0.958723 0.901569 0.328263 0.153173 -0.578867 0.340118 1.369544 -1.224376 0.900502 0.057379 -1.555630 67.436060 79.714374 -0.089846 1.089500 0.088978 779.178419 720.280519 59.152783 
21.484508 -16.875901 5.614603 -6.790882 -39.211020 3.463792 1.353171 0.958783 0.857233 0.283319 0.167209 -0.433152 0.261100 1.205779 -1.310603 0.922184 0.051209 -2.129009 67.342124 80.712254 -0.089979 0.678521 0.081528 779.692853 720.797101 59.201690 
21.848890 -17.995296 5.584666 -4.275074 -43.770179 2.025886 1.363680 0.958976 0.820253 0.259603 0.176116 -0.292069 0.195558 1.088396 -1.319979 0.788492 0.032088 -2.699679 67.029776 81.614031 -0.089855 0.287631 0.054668 780.081476 721.402906 59.040690 
21.983782 -18.792389 5.528332 -1.823679 -48.104581 0.303886 1.374300 0.959246 0.837125 0.251606 0.181625 -0.170394 0.126883 1.018449 -1.280954 0.538347 0.020240 -3.159423 66.656572 82.309685 -0.085910 -0.063765 0.034455 780.288869 722.021662 58.683222 
21.890751 -19.275870 5.457139 0.530697 -52.117197 -1.761859 1.385041 0.959558 0.925040 0.256686 0.185757 -0.059475 0.068914 0.994369 -1.194694 0.226085 0.000492 -3.801363 66.389100 82.691503 -0.077716 -0.374414 0.006120 780.251774 722.620002 58.082716 
21.661961 -19.582314 5.379399 2.779868 -55.716302 -4.374353 1.395835 0.959925 1.043435 0.273331 0.188005 -0.003748 0.029474 1.011063 -1.061858 0.018646 -0.005220 -4.975013 66.272589 82.790518 -0.069967 -0.655131 -0.003632 779.995447 723.219513 57.228850 
21.400549 -19.871581 5.353369 4.932068 -58.820488 -7.607753 1.406602 0.960411 1.135495 0.293499 0.188945 0.036598 0.009922 1.040163 -0.905335 -0.211436 -0.006946 -5.777320 66.275520 82.778465 -0.063349 -0.917679 -0.007103 779.735252 723.879966 56.325968 
21.146807 -20.206958 5.403312 6.987245 -61.403398 -10.725820 1.417314 0.961090 1.171064 0.307775 0.182268 0.058818 0.000000 1.037325 -0.714051 -0.258136 0.000000 -4.388716 66.317049 82.640703 -0.063248 -1.165916 0.000000 779.520121 724.653741 55.513461 
20.862548 -20.537011 5.542485 8.935783 -63.504936 -12.643057 1.428008 0.962004 1.152000 0.311734 0.168184 0.065948 0.000000 0.992724 -0.534590 -0.128211 0.000000 -1.944119 66.309356 82.575973 -0.062267 -1.394026 0.000000 779.552075 725.558738 55.001669 
20.473154 -20.748395 5.735017 10.770229 -65.198799 -13.020895 1.438752 0.963157 1.113741 0.311563 0.153184 0.054749 0.000000 0.931261 -0.386928 0.030288 0.000000 0.553211 66.236977 82.673089 -0.057815 -1.592236 0.000000 779.905952 726.583133 54.834656 
19.929190 -20.769177 5.976650 12.491666 -66.503783 -12.218893 1.449592 0.964528 1.078601 0.308444 0.138472 0.035007 0.000000 0.866183 -0.257678 0.067390 0.000000 1.925029 66.157788 83.032457 -0.046958 -1.754064 0.000000 780.675195 727.700631 54.942607 
19.227311 -20.591143 6.234504 14.111280 -67.413588 -10.850141 1.460543 0.966083 1.046836 0.302882 0.124539 0.031557 0.000000 0.800870 -0.150357 0.083555 0.000000 2.647758 66.118753 83.545063 -0.035173 -1.878518 0.000000 781.732802 728.885932 55.229832 
18.380515 -20.229312 6.473009 15.639501 -67.913550 -9.598760 1.471605 0.967786 1.015432 0.293491 0.109734 -0.041176 0.000000 0.738872 -0.050006 -0.046111 0.000000 1.119853 66.104741 84.436176 -0.026388 -1.966641 0.000000 783.264160 730.115484 55.601897 
17.397047 -19.693598 6.689747 17.099254 -67.956947 -9.665704 1.482775 0.969608 0.982521 0.281488 0.089262 0.053226 0.000000 0.669189 0.019752 -0.007543 0.000000 -0.141714 66.115012 85.279886 -0.018007 -2.020103 0.000000 784.839474 731.372146 56.084458 
16.278634 -18.993714 6.882091 18.459215 -67.702649 -9.203787 1.494079 0.971479 0.958167 0.272698 0.074238 0.010996 0.000000 0.602805 0.049016 0.013094 0.000000 1.190805 66.149831 85.727553 -0.010154 -2.036371 0.000000 786.062228 732.617710 56.630059 
15.043643 -18.151598 7.042643 19.737169 -67.156113 -8.636239 1.505502 0.973365 0.933569 0.259974 0.059876 0.022116 0.000000 0.542597 0.069872 0.017484 0.000000 0.790565 66.192705 86.501623 -0.004672 -2.019400 0.000000 787.607381 733.835059 57.184323 
13.702293 -17.180215 7.171043 20.933355 -66.339786 -8.004727 1.517041 0.975224 0.908974 0.246056 0.046855 0.022602 0.000000 0.477108 0.073616 0.031521 0.000000 1.394624 66.245094 87.012916 -0.000329 -1.971541 0.000000 788.905351 735.003313 57.750813 
12.260386 -16.085417 7.265902 22.045385 -65.283482 -7.165922 1.528698 0.977018 0.884071 0.224000 0.029029 0.013554 0.000000 0.404301 0.057544 0.018181 0.000000 1.341381 66.295583 87.604394 0.002778 -1.894852 0.000000 790.255633 736.100795 58.286470 
10.721790 -14.870975 7.326680 23.075642 -64.004423 -6.330700 1.540472 0.978711 0.858471 0.181500 -0.002221 0.017103 0.000000 0.301367 -0.005122 0.026123 0.000000 1.527401 66.354531 88.045151 0.006009 -1.790819 0.000000 791.432953 737.108240 58.728965 
9.090492 -13.546495 7.357297 24.020883 -62.548714 -5.449907 1.552373 0.980265 0.831138 0.153667 -0.020181 0.008776 0.000000 0.234041 -0.052211 0.012174 0.000000 1.387195 66.418893 88.436957 0.009749 -1.659067 0.000000 792.506301 738.003349 59.062369 
7.380688 -12.131479 7.353301 24.885353 -60.940590 -4.630845 1.564397 0.981639 0.801270 0.126956 -0.031129 0.013422 0.000000 0.175919 -0.087711 0.018971 0.000000 1.413373 66.488714 88.686432 0.013285 -1.502277 0.000000 793.374063 738.764972 59.308436 
5.611030 -10.654248 7.320031 25.668417 -59.203284 -3.784405 1.576533 0.982790 0.767949 0.098925 -0.039323 0.008753 0.000000 0.123709 -0.119085 0.012241 0.000000 1.398454 66.563499 88.823851 0.016810 -1.323573 0.000000 794.045635 739.368321 59.466053 
3.806112 -9.152648 7.268399 26.372002 -57.344421 -2.978413 1.588768 0.983675 0.732568 0.071209 -0.046674 0.009747 0.000000 0.079600 -0.150450 0.012979 0.000000 1.331496 66.643779 88.838220 0.020377 -1.127024 0.000000 794.493964 739.788017 59.540329 
1.996929 -7.677488 7.219322 26.998633 -55.375755 -2.202712 1.601081 0.984250 0.699661 0.046478 -0.052123 0.007589 0.000000 0.046169 -0.177240 0.009566 0.000000 1.260604 66.732696 88.724130 0.024832 -0.917311 0.000000 794.692992 739.996551 59.539534 
0.226465 -6.299588 7.202212 27.555120 -53.306625 -1.487447 1.613442 0.984472 0.677134 -0.002598 -0.076304 0.006860 0.000000 -0.002287 -0.270942 0.007922 0.000000 1.154788 66.842367 88.471942 0.029840 -0.700658 0.000000 794.626813 739.969275 59.462255 
-1.461797 -5.099063 7.254666 28.046013 -51.169887 -0.833081 1.625832 0.984316 0.675245 -0.039209 -0.091856 0.003586 0.000000 -0.030332 -0.333972 0.003664 0.000000 1.021755 66.997526 88.044129 0.034894 -0.480057 0.000000 794.280480 739.689225 59.277343 
-3.022051 -4.157568 7.416057 28.476011 -48.986626 -0.283034 1.638231 0.983780 0.701750 -0.056667 -0.094775 0.004241 0.000000 -0.038166 -0.351916 0.003527 0.000000 0.831656 67.202581 87.489058 0.038263 -0.259117 0.000000 793.703218 739.156064 59.080319 
-4.419214 -3.531478 7.710388 28.845248 -46.753139 0.156702 1.650617 0.982898 0.759347 -0.068250 -0.095821 0.003800 0.000000 -0.038676 -0.364943 0.002432 0.000000 0.640013 67.446598 86.822737 0.038300 -0.042430 0.000000 792.928097 738.390794 58.909173 
-5.651134 -3.217956 8.113809 29.144825 -44.453171 0.471002 1.662993 0.981739 0.846537 -0.076548 -0.096701 0.004556 0.000000 -0.033356 -0.380861 0.001908 0.000000 0.418808 67.680761 86.070318 0.033614 0.168313 0.000000 791.980150 737.438403 58.744469 
-6.757665 -3.144609 8.577420 29.355792 -42.065182 0.656085 1.675388 0.980407 0.937140 -0.081669 -0.098414 0.005582 0.000000 -0.021898 -0.403787 0.001169 0.000000 0.209475 67.836380 85.250695 0.026232 0.375508 0.000000 790.874401 736.364659 58.538529 
-7.802481 -3.201721 9.057898 29.457473 -39.574493 0.742708 1.687849 0.979006 1.001630 -0.083763 -0.099793 0.006238 0.000000 -0.005899 -0.427196 0.000502 0.000000 0.080435 67.880409 84.387298 0.018721 0.583566 0.000000 789.658383 735.237262 58.271849 
-8.847041 -3.278490 9.491593 29.437877 -36.978270 0.740845 1.700412 0.977608 1.028926 -0.082664 -0.101077 0.004839 0.000000 0.011190 -0.450116 -0.000476 0.000000 -0.098332 67.824322 83.517245 0.012095 0.795660 0.000000 788.406031 734.105252 57.959806 
-9.931604 -3.295298 9.827812 29.299878 -34.289189 0.624350 1.713091 0.976240 1.029279 -0.081354 -0.101962 0.005901 0.000000 0.026435 -0.467801 -0.001641 0.000000 -0.278100 67.709793 82.646338 0.008226 1.011500 0.000000 787.161948 732.990952 57.627396 
-11.069596 -3.217117 10.048548 29.057754 -31.537011 0.431565 1.725879 0.974895 1.017089 -0.080682 -0.102399 0.006755 0.000000 0.039052 -0.477632 -0.002432 0.000000 -0.359963 67.586517 81.768539 0.008781 1.227783 0.000000 785.948234 731.895461 57.299599 
-12.250480 -3.051635 10.167487 28.731992 -28.756707 0.203623 1.738755 0.973549 0.994326 -0.080606 -0.102236 0.006286 0.000000 0.048781 -0.478732 -0.002557 0.000000 -0.406827 67.488661 80.891150 0.012167 1.439300 0.000000 784.777068 730.809344 56.997528 
-13.444248 -2.839702 10.207127 28.347767 -25.983998 -0.047626 1.751685 0.972167 0.966507 -0.081220 -0.101771 0.006303 0.000000 0.055188 -0.471986 -0.002722 0.000000 -0.431820 67.438191 80.010719 0.017279 1.639110 0.000000 783.632921 729.715764 56.724318 
-14.605389 -2.646254 10.193783 27.934510 -23.257694 -0.299889 1.764624 0.970707 0.943552 -0.082909 -0.101254 0.006305 0.000000 0.058285 -0.458369 -0.002589 0.000000 -0.410584 67.438143 79.121941 0.022032 1.818360 0.000000 782.490432 728.594431 56.477593 
-15.686196 -2.540446 10.163310 27.521546 -20.615832 -0.526410 1.777525 0.969134 0.930639 -0.086509 -0.101505 0.006126 0.000000 0.058800 -0.441993 -0.002120 0.000000 -0.346003 67.477170 78.226096 0.026122 1.967734 0.000000 781.337975 727.428192 56.264451 
-16.649564 -2.574747 10.147413 27.133922 -18.093478 -0.702696 1.790350 0.967426 0.931991 -0.093772 -0.104020 0.005673 0.000000 0.058121 -0.429137 -0.001371 0.000000 -0.241745 67.534468 77.329176 0.030150 2.079232 0.000000 780.181615 726.207820 56.100223 
-17.478271 -2.770194 10.159740 26.789622 -15.722867 -0.810552 1.803081 0.965582 0.943490 -0.105387 -0.109863 0.004169 0.000000 0.056463 -0.422307 -0.000507 0.000000 -0.121506 67.584573 76.441562 0.034330 2.147754 0.000000 779.039010 724.934723 55.999982 
-18.174801 -3.117751 10.197838 26.500089 -13.536906 -0.843882 1.815719 0.963615 0.962486 -0.123874 -0.120923 0.003530 0.000000 0.054086 -0.423251 0.000092 0.000000 0.026032 67.608283 75.573429 0.039969 2.171380 0.000000 777.931178 723.618675 55.972666 
-18.755609 -3.587530 10.231184 26.272775 -11.580012 -0.761549 1.828282 0.961548 0.987418 -0.150392 -0.138320 0.001817 0.000000 0.049181 -0.424695 0.000478 0.000000 0.262850 67.605226 74.733469 0.048633 2.151297 0.000000 776.885534 722.274980 56.026586 
-19.238930 -4.151634 10.225762 26.112710 -9.905955 -0.535724 1.840799 0.959416 1.016312 -0.182912 -0.160970 -0.002134 0.000000 0.038502 -0.410083 -0.001044 0.000000 0.489154 67.603291 73.932515 0.061740 2.090932 0.000000 775.938921 720.924280 56.179985 
-19.632857 -4.803364 10.144359 26.023800 -8.573856 -0.177987 1.853302 0.957265 1.050415 -0.221791 -0.187224 -0.004366 0.000000 0.019494 -0.358800 -0.003166 0.000000 0.725203 67.653128 73.181113 0.080486 1.994743 0.000000 775.149867 719.591405 56.472615 
-19.928614 -5.572768 9.989758 26.008063 -7.648195 0.330180 1.865824 0.955147 1.084870 -0.264458 -0.212955 -0.007501 0.000000 -0.008896 -0.252506 -0.007366 0.000000 0.981955 67.822675 72.490116 0.103352 1.868050 0.000000 774.600058 718.304014 56.970612 
-20.102962 -6.524545 9.816811 26.060176 -7.174536 0.977310 1.878400 0.953116 1.103759 -0.305177 -0.232148 -0.010159 0.000000 -0.041937 -0.093988 -0.012032 0.000000 1.184386 68.165295 71.871459 0.127701 1.717039 0.000000 774.381006 717.088860 57.757936 
-20.127354 -7.729643 9.637064 26.164621 -7.165739 1.731862 1.891068 0.951215 1.098066 -0.343662 -0.242390 -0.010072 0.000000 -0.071101 0.089573 -0.013645 0.000000 1.354773 68.726005 71.326301 0.148811 1.548281 0.000000 774.565319 715.961109 58.907586 
-19.969045 -9.265728 9.454734 26.295893 -7.601271 2.588901 1.903858 0.949455 1.067157 -0.380311 -0.245194 -0.009310 0.000000 -0.085667 0.265095 -0.014203 0.000000 1.525589 69.557759 70.839466 0.165935 1.368288 0.000000 775.189411 714.916315 60.466630 
-19.591067 -11.215065 9.267665 26.420670 -8.429625 3.536934 1.916798 0.947821 1.009240 -0.410582 -0.242623 -0.008654 0.000000 -0.076153 0.409443 -0.014323 0.000000 1.655060 70.718939 70.390905 0.177209 1.183263 0.000000 776.253744 713.929758 62.461836 
-18.957389 -13.648610 9.050679 26.510064 -9.593816 4.461901 1.929896 0.946262 0.925122 -0.431093 -0.202044 0.006736 0.031553 -0.045148 0.447115 0.009158 -0.022087 1.359609 72.172375 69.958648 0.172619 0.997426 -0.032337 777.603613 712.959646 64.793986 
-18.056107 -16.581546 8.780144 26.522948 -10.944930 5.151278 1.943131 0.944734 0.815009 -0.444279 -0.160446 0.050944 0.165705 0.036045 0.337581 0.047358 0.019041 0.929616 73.762154 69.425224 0.154816 0.811445 0.002363 778.819234 711.974134 67.017490 
-16.875904 -19.996710 8.429150 26.455607 -12.118406 5.628630 1.956403 0.943204 0.688271 -0.476415 -0.142314 0.104503 0.385763 0.044609 0.264547 0.031341 -0.011478 0.299901 75.337968 68.966161 0.128769 0.615686 -0.066128 779.507345 710.976378 68.741124 
-15.364313 -23.905299 8.015103 26.476634 -13.249814 5.568650 1.969468 0.941686 0.580998 -0.487503 -0.071610 0.204995 0.645426 -0.110224 0.146746 -0.089254 -0.062311 -0.435396 76.800705 68.721955 0.106018 0.382481 -0.158200 779.512130 710.035297 69.732201 
-13.492527 -28.269281 7.524738 26.779815 -14.651899 5.238548 1.982089 0.940241 0.488273 -0.480968 0.060316 0.290499 0.847044 -0.393442 -0.163216 -0.185698 -0.103348 -0.639238 77.996168 68.769400 0.091951 0.085104 -0.211317 779.011588 709.256898 70.039502 
-11.282584 -32.971989 6.847330 27.450733 -16.478968 4.877515 1.994146 0.938944 0.408571 -0.529013 0.184796 0.342319 0.967877 -0.757576 -0.635595 -0.189165 -0.128238 -0.552598 79.064683 69.003551 0.080479 -0.287590 -0.218648 778.472327 708.724905 70.054220 
