000000000000000000000000000000000000000000001111111111000000000000000000000000000000000000000000000000000000
000000000000000000000000000000000000000001111111111111111100000000000000000000000000000000000000000000000000
000000000000000000000000000000000000000111111111111111111111100000000000000000000000000000000000000000000000
000000000000000000000000000000000000011111111111111111111111110000000000000000000000000000000000000000000000
000000000000000000000000000000000000011111111111111111111111111000000000000000000000000000000000000000000000
000000000000000000000000000000000000111111111111111111111111111100000000000000000000000000000000000000000000
000000000000000000000000000000000000111111111111111111111111111110000000000000000000000000000000000000000000
000000000000000000000000000000000001111111111111111111111111111111100000000000000000000000000000000000000000
000000000000000000000000000000000001111111011111111111110111111111000000000000000000000000000000000000000000
000000000000000000000000000000000001111100111111111111111111111111110000000000000000000000000000000000000000
000000000000000000000000000000000001111100011111110100011111111111000000000000000000000000000000000000000000
000000000000000000000000000000000001101011011101110011101111111111000000000000000000000000000000000000000000
000000000000000000000000000000000000111100111111111001011111111111000000000000000000000000000000000000000000
000000000000000000000000000000000000111111111111111111100101111111110000000000000000000000000000000000000000
000000000000000000000000000000000000111111111111111111111111111111110000000000000000000000000000000000000000
000000000000000000000000000000000000111111111111111111111111111111111000000000000000000000000000000000000000
000000000000000000000000000000000000111111111111111111111111111111111000000000000000000000000000000000000000
000000000000000000000000000000000000111111111111111111111111111111111100000000000000000000000000000000000000
000000000000000000000000000000000000110111111111111111111111111111111110000000000000000000000000000000000000
000000000000000000000000000000000001111101111111111111111111111111111111000000000000000000000000000000000000
000000000000000000000000000000000011111111111111111111110000011111111111100000000000000000000000000000000000
000000000000000000000000000000001111110001111111111100000000111111111111000000000000000000000000000000000000
000000000000000000000000000000011111111000001111111000000000000111111111111100000000000000000000000000000000
000000000000000000000000000001111111000000000000000000000000001111111111111000000000000000000000000000000000
000000000000000000000000000011111111000000000000000000000001111111111111111110000000000000000000000000000000
000000000000000000000000000111111111111110001111110000011111111111111111111111110000000000000000000000000000
000000000000000000000000001111111111110000011000000000111111111111111011111111100000000000000000000000000000
000000000000000000000000011110111110000000000000000000000000111111111101111111110000000000000000000000000000
000000000000000000000000011111111000000000000000000000000000000111101111111111111000000000000000000000000000
000000000000000000000000111111010000000000000000000000000000000001011011111111111000000000000000000000000000
000000000000000000000000111111100000000000110000000000000000000000001111111111111100000000000000000000000000
000000000000000000000001111111000000000000100000000000000000000000001111111011111110000000000000000000000000
000000000000000000000011111110000000000000100000000000000000000000001111110111111110000000000000000000000000
000000000000000000000111111110000000000001100000000000000000000000001111111111111110000000000000000000000000
000000000000000000001111011110000000000001100000000000000000000000000111111111111110000000000000000000000000
000000000000000000011111111111000000000000011000000000000000000000000001111101111111100000000000000000000000
000000000000000000011111011100000000000001100000000000000000000000001111111111111110000000000000000000000000
000000000000000000011111111100000000000001100000000000000000000000001110011110001110000000000000000000000000
000000000000000000011111111100110000000000011000000000000000000000111101111111111111100000000000000000000000
000000000000000000111111111110111100000000011000000000000000000000111101111111111011110000000000000000000000
000000000001111111011111111110111100000000100000000000000000000011111011111111111011110000000000000000000000
000000000111111111110111111111110111111000000000000000000000000111111011111111101111110000000000000000000000
000000000111111111111101111111111011111110000000000000000000000111110111111111111111011000000000000000000000
000000000111111111111111011111111101111111000000000000000000000111110111111111111110111100000000000000000000
000000000111111111111111110111111011111100000000000000000000011110111111111111111101111111000000000000000000
000000000011111111111111111111111111011101000000000000000000000110111111111111110111111111111000000000000000
000000000011111111111111111111111110110000000000000000000001110111111111111111101111111111111100000000000000
000000000111111111111111111111111111110100000000000000000011111111111111111110111111111111111100000000000000
000000001111111111111111111111111111111011100000000000111111111111111111111101111111111111110000000000000000
000000001111111111111111111111111111111110111111111111111111111111111111111111111111111110000000000000000000
000000001111111111111111111111111111111111111111111111111111111101111111111111111111110000000000000000000000
000000000111111111111111111111111111111111111111111111111111111101111111111111111110000000000000000000000000
000000000000000011111111111111111111111111111000000000000011111111111111111111100000000000000000000000000000
000000000000000000000001111111111111111110000000000000000000000001111111111111000000000000000000000000000000
000000000000000000000000000011111111100000000000000000000000000001111111110000000000000000000000000000000000
