17.840720 -9.972056 0.504001 -18.834742 -23.847434 3.673599 0.002820 0.963082 0.436343 0.786485 -0.067817 -0.628595 0.000000 0.451575 -0.315538 7.742022 0.000000 -12.316386 71.286227 83.487157 -0.091529 3.467235 0.000000 799.264900 721.537552 80.795759 
17.902639 -11.601351 1.541548 -17.865233 -23.781925 2.009469 0.016528 0.962185 0.751730 0.701903 -0.016493 -0.452864 0.465807 1.935112 0.081234 -1.163439 -0.326065 2.569069 69.819926 80.747408 -0.072894 3.335931 -0.486042 792.941944 720.790708 72.848247 
18.000710 -12.718828 0.800390 -15.827930 -28.143776 1.766365 0.029443 0.961099 1.012283 0.612160 0.163861 -0.454061 0.239144 2.392969 -1.446098 -0.117611 0.038575 0.259021 68.845304 82.743834 -0.140070 3.092127 0.035464 792.071251 720.198062 72.237544 
18.257146 -14.007063 0.719119 -13.358983 -33.374430 1.273445 0.041778 0.960136 1.321331 0.522084 0.198512 -0.375909 0.231173 2.292059 -1.756770 0.580189 0.040694 -1.543429 68.489520 84.172689 -0.141534 2.775621 0.048443 791.201678 719.829773 71.688500 
18.717812 -15.509268 0.725527 -10.644100 -38.637216 0.336737 0.053574 0.959609 1.464984 0.459482 0.232540 -0.252232 0.187405 2.160974 -2.042974 0.485931 0.017349 -1.926520 68.423552 85.246462 -0.159731 2.405542 0.030356 790.374207 719.878353 70.915153 
19.304210 -17.183313 0.957004 -7.822908 -43.760580 -1.004410 0.064984 0.959645 1.378910 0.418167 0.251004 -0.121950 0.119840 1.982694 -2.103783 0.321121 -0.002727 -2.633217 68.371400 85.989045 -0.152332 2.014961 0.008630 789.874794 720.403473 69.952215 
19.781668 -18.726450 1.392463 -5.062608 -48.505269 -2.871706 0.076289 0.960214 1.219321 0.391808 0.245464 0.005479 0.050445 1.768310 -1.853523 -0.019420 -0.022907 -3.544554 67.921582 86.425338 -0.149274 1.649626 -0.022145 789.421095 721.303198 68.661682 
19.916946 -19.790348 1.850678 -2.492319 -52.664287 -5.009475 0.087728 0.961207 1.143212 0.375864 0.228012 0.073884 0.000000 1.551766 -1.460969 -0.209909 0.000000 -2.841062 67.277167 86.440005 -0.143939 1.344096 0.000000 788.848865 722.416193 67.137466 
19.667003 -20.317255 2.379207 -0.139926 -56.168288 -5.861925 0.099349 0.962528 1.141208 0.364093 0.210496 0.075410 0.000000 1.387008 -1.142932 0.009821 0.000000 0.130230 66.790955 86.371991 -0.129680 1.101584 0.000000 788.550593 723.646523 66.056922 
19.139903 -20.445103 2.940521 2.057813 -59.102787 -5.540411 0.111056 0.964129 1.151852 0.351369 0.194137 -0.010710 0.000000 1.269286 -0.859737 -0.003476 0.000000 0.324556 66.528313 86.722900 -0.109163 0.902831 0.000000 788.996914 724.989719 65.418644 
18.442447 -20.318913 3.469079 4.165955 -61.423594 -5.904255 0.122771 0.966008 1.125789 0.333869 0.176063 0.044326 0.000000 1.161441 -0.605236 -0.038627 0.000000 -0.871417 66.433158 87.357296 -0.087420 0.733836 0.000000 790.010584 726.463881 65.076805 
17.621465 -20.010858 3.911810 6.184775 -63.239912 -5.965807 0.134493 0.968103 1.064934 0.318774 0.161043 0.031961 0.000000 1.056879 -0.430669 0.015816 0.000000 0.494870 66.408628 87.713202 -0.072699 0.592848 0.000000 790.945790 728.042048 64.941968 
16.665115 -19.509431 4.257919 8.110994 -64.589047 -5.715243 0.146261 0.970354 0.995104 0.303518 0.145670 0.018736 0.000000 0.961228 -0.272166 0.004254 0.000000 0.227025 66.394099 88.412408 -0.060569 0.484051 0.000000 792.363443 729.679191 64.991505 
15.558289 -18.796783 4.520883 9.945269 -65.485446 -5.519356 0.158107 0.972693 0.937699 0.287171 0.124806 0.031098 0.000000 0.863339 -0.146342 0.018357 0.000000 0.590305 66.391348 89.020491 -0.050342 0.410074 0.000000 793.749569 731.324011 65.153285 
14.304859 -17.879832 4.717538 11.687208 -65.990940 -5.075317 0.170043 0.975040 0.897082 0.268668 0.108932 0.019474 0.000000 0.768052 -0.057771 0.015402 0.000000 0.790883 66.401804 89.672477 -0.042112 0.369820 0.000000 795.187897 732.928616 65.377658 
12.919572 -16.778748 4.860170 13.342775 -66.125871 -4.557857 0.182063 0.977339 0.867744 0.247224 0.093071 0.025157 0.000000 0.670403 0.006123 0.025571 0.000000 1.016439 66.427157 90.268869 -0.035424 0.359980 0.000000 796.561374 734.461056 65.627328 
11.418856 -15.516578 4.955623 14.909848 -65.919052 -3.877796 0.194165 0.979541 0.843319 0.222391 0.077057 0.018848 0.000000 0.569917 0.048361 0.023004 0.000000 1.220503 66.464720 90.797417 -0.029217 0.377354 0.000000 797.841522 735.895707 65.876143 
9.820297 -14.118490 5.005021 16.387555 -65.388497 -3.129026 0.206342 0.981605 0.817134 0.176183 0.044815 0.018467 0.000000 0.424317 0.051275 0.024197 0.000000 1.310265 66.517572 91.241256 -0.023094 0.418960 0.000000 798.996277 737.212219 66.067293 
8.138973 -12.611574 5.012623 17.770588 -64.570784 -2.320576 0.218600 0.983491 0.785520 0.129500 0.016209 0.014752 0.000000 0.290741 0.025933 0.020581 0.000000 1.395103 66.585745 91.554337 -0.016797 0.484090 0.000000 799.963314 738.388060 66.159506 
6.390779 -11.026101 4.979720 19.053820 -63.502878 -1.525394 0.230946 0.985153 0.749238 0.073172 -0.021548 0.007203 0.000000 0.151800 -0.042641 0.009041 0.000000 1.255171 66.671566 91.733716 -0.010656 0.572697 0.000000 800.720311 739.397513 66.083318 
4.595638 -9.400703 4.915912 20.237055 -62.234549 -0.824573 0.243384 0.986543 0.711128 0.037715 -0.041742 0.010953 0.000000 0.071967 -0.095028 0.012703 0.000000 1.159813 66.767847 91.750814 -0.004485 0.684573 0.000000 801.209901 740.211817 65.871920 
2.786226 -7.791659 4.845037 21.324283 -60.807760 -0.140873 0.255899 0.987608 0.675872 0.007719 -0.055668 0.006441 0.000000 0.013541 -0.140258 0.007130 0.000000 1.107100 66.872929 91.618495 0.002356 0.815852 0.000000 801.420493 740.799996 65.558969 
1.009544 -6.277986 4.801795 22.325569 -59.247148 0.474873 0.268459 0.988298 0.650988 -0.018911 -0.066479 0.006718 0.000000 -0.030603 -0.181256 0.006542 0.000000 0.973833 66.996201 91.354291 0.009652 0.960109 0.000000 801.357299 741.135301 65.167623 
-0.676965 -4.956226 4.830697 23.250953 -57.572847 1.017299 0.281027 0.988580 0.647503 -0.042154 -0.075969 0.005040 0.000000 -0.063188 -0.220677 0.004239 0.000000 0.841061 67.157478 90.944195 0.016397 1.110072 0.000000 801.016169 741.198942 64.734289 
-2.213763 -3.925624 4.979150 24.109502 -55.797386 1.460262 0.293564 0.988447 0.676735 -0.062660 -0.085389 0.004510 0.000000 -0.087178 -0.262043 0.002915 0.000000 0.646408 67.377111 90.403647 0.020201 1.258604 0.000000 800.437084 740.989106 64.296553 
-3.559113 -3.255054 5.281231 24.903485 -53.925590 1.786984 0.306045 0.987934 0.742773 -0.078891 -0.093514 0.004579 0.000000 -0.100843 -0.302284 0.002068 0.000000 0.451559 67.652083 89.732882 0.019081 1.400853 0.000000 799.651278 740.528662 63.876908 
-4.710546 -2.944368 5.717237 25.623633 -51.950410 1.992824 0.318472 0.987119 0.844832 -0.087866 -0.098288 0.004813 0.000000 -0.100097 -0.336260 0.001141 0.000000 0.237090 67.928034 88.961476 0.011710 1.535961 0.000000 798.689559 739.868748 63.460856 
-5.714376 -2.909890 6.221872 26.248192 -49.851938 2.085893 0.330880 0.986124 0.956043 -0.093614 -0.101480 0.007267 0.000000 -0.089331 -0.370178 0.000676 0.000000 0.092964 68.119217 88.106715 0.000194 1.667428 0.000000 797.559872 739.086548 62.993528 
-6.646806 -3.023509 6.757349 26.749530 -47.608579 2.101031 0.343324 0.985079 1.031506 -0.096258 -0.104718 0.005595 0.000000 -0.070072 -0.409017 -0.000333 0.000000 -0.059573 68.184623 87.213682 -0.009204 1.801427 0.000000 796.332608 738.263969 62.454015 
-7.580066 -3.156546 7.247302 27.109928 -45.209384 2.001695 0.355848 0.984074 1.059623 -0.096603 -0.107641 0.006106 0.000000 -0.046771 -0.448329 -0.001644 0.000000 -0.269182 68.140443 86.316366 -0.017147 1.942632 0.000000 795.094690 737.459056 61.864959 
-8.564027 -3.214069 7.623835 27.326845 -42.666529 1.797203 0.368475 0.983139 1.048322 -0.095365 -0.109974 0.007334 0.000000 -0.023816 -0.482033 -0.002898 0.000000 -0.395096 68.029752 85.415429 -0.023283 2.092251 0.000000 793.888868 736.694058 61.254951 
-9.618746 -3.150419 7.865555 27.412941 -40.011639 1.538852 0.381201 0.982256 1.023410 -0.093439 -0.111568 0.007559 0.000000 -0.004330 -0.506620 -0.003485 0.000000 -0.460993 67.902738 84.517047 -0.024131 2.247498 0.000000 792.732423 735.961754 60.645752 
-10.735609 -2.969203 7.989426 27.390361 -37.282767 1.254268 0.394002 0.981384 0.992804 -0.091338 -0.112560 0.007429 0.000000 0.010493 -0.521377 -0.003686 0.000000 -0.496109 67.798834 83.623693 -0.020713 2.402782 0.000000 791.623913 735.242934 60.054864 
-11.886063 -2.709451 8.028913 27.286077 -34.520763 0.959433 0.406846 0.980478 0.959436 -0.090492 -0.112662 0.007355 0.000000 0.020612 -0.524134 -0.003628 0.000000 -0.493261 67.739464 82.731581 -0.014411 2.551161 0.000000 790.544288 734.514155 59.489611 
-13.025831 -2.435757 8.009616 27.129618 -31.766298 0.672275 0.419690 0.979488 0.931496 -0.091308 -0.112207 0.007277 0.000000 0.026542 -0.516984 -0.003403 0.000000 -0.467604 67.733031 81.834045 -0.007970 2.684375 0.000000 789.465288 733.750370 58.950132 
-14.105880 -2.221297 7.967356 26.949397 -29.056223 0.413468 0.432491 0.978372 0.915445 -0.094635 -0.111875 0.007466 0.000000 0.029274 -0.503952 -0.002965 0.000000 -0.397129 67.771082 80.925823 -0.002323 2.793765 0.000000 788.367788 732.930752 58.441872 
-15.086515 -2.125203 7.934962 26.768282 -26.421654 0.210415 0.445214 0.977107 0.914153 -0.102302 -0.112885 0.007238 0.000000 0.030317 -0.491677 -0.002052 0.000000 -0.283483 67.835551 80.007925 0.002387 2.872048 0.000000 787.251884 732.043391 57.978275 
-15.947604 -2.176567 7.932065 26.600086 -23.886112 0.080768 0.457843 0.975688 0.925741 -0.116168 -0.116549 0.006368 0.000000 0.031221 -0.486351 -0.000976 0.000000 -0.153204 67.902459 79.085767 0.006556 2.914872 0.000000 786.131168 731.087629 57.572544 
-16.691611 -2.369106 7.953214 26.448762 -21.466926 0.027417 0.470385 0.974130 0.946066 -0.135804 -0.122963 0.005760 0.000000 0.032816 -0.487419 -0.000109 0.000000 -0.018965 67.950081 78.165387 0.011204 2.921493 0.000000 785.022869 730.072864 57.231889 
-17.337250 -2.672330 7.968554 26.310641 -19.181606 0.074862 0.482866 0.972463 0.975434 -0.163761 -0.133880 0.005560 0.000000 0.036992 -0.498204 0.001069 0.000000 0.192291 67.975399 77.245826 0.018492 2.894374 0.000000 783.947828 729.015507 56.959126 
-17.907342 -3.053854 7.943745 26.176723 -17.050041 0.255118 0.495322 0.970730 1.010082 -0.197561 -0.148528 0.002733 0.000000 0.045060 -0.512112 0.001105 0.000000 0.404464 68.002426 76.330162 0.030186 2.838481 0.000000 782.938398 727.938734 56.762301 
-18.415713 -3.499751 7.840760 26.035596 -15.091501 0.554023 0.507798 0.968983 1.051661 -0.238919 -0.167650 0.001679 0.000000 0.059752 -0.525534 0.001031 0.000000 0.613914 68.079060 75.418018 0.046971 2.759779 0.000000 782.044252 726.871316 56.663511 
-18.859521 -4.033018 7.666223 25.875806 -13.335736 0.992169 0.520333 0.967286 1.088119 -0.285867 -0.190536 -0.000731 0.000000 0.083003 -0.526674 -0.000630 0.000000 0.862086 68.264128 74.514096 0.066829 2.664911 0.000000 781.334928 725.845778 56.702809 
-19.221596 -4.707243 7.471430 25.687906 -11.818917 1.569659 0.532966 0.965695 1.108057 -0.331873 -0.214194 -0.004377 0.000000 0.113970 -0.499004 -0.004683 0.000000 1.069810 68.593345 73.641061 0.086652 2.560342 0.000000 780.885011 724.890756 56.935086 
-19.478746 -5.580948 7.275925 25.466949 -10.581934 2.260235 0.545728 0.964250 1.106209 -0.371829 -0.235569 -0.006267 0.000000 0.148522 -0.428592 -0.007885 0.000000 1.258193 69.089970 72.828943 0.105184 2.451539 0.000000 780.765767 724.022970 57.428268 
-19.601853 -6.717067 7.081026 25.215148 -9.672495 3.066274 0.558634 0.962964 1.079336 -0.403148 -0.252027 -0.008589 0.000000 0.179710 -0.309915 -0.012452 0.000000 1.449832 69.778903 72.104035 0.120049 2.342064 0.000000 781.018125 723.242284 58.238527 
-19.553483 -8.189071 6.901156 24.939957 -9.131471 3.972120 0.571686 0.961817 1.030969 -0.427983 -0.263136 -0.010667 0.000000 0.204677 -0.153692 -0.016930 0.000000 1.587171 70.690915 71.479300 0.131811 2.232948 0.000000 781.649363 722.529351 59.408147 
-19.292316 -10.071281 6.735639 24.648879 -8.984596 4.945455 0.584871 0.960759 0.960712 -0.448650 -0.256394 -0.011565 0.000000 0.225620 0.021510 -0.019293 0.000000 1.668165 71.862249 70.953180 0.137998 2.123962 0.000000 782.643843 721.847534 60.967690 
-18.782747 -12.427258 6.570259 24.318555 -9.165692 5.926346 0.598185 0.959723 0.869729 -0.461941 -0.227990 -0.006568 0.000000 0.287233 0.111531 -0.010771 0.000000 1.639850 73.323133 70.422344 0.134898 2.016221 0.000000 783.924634 721.142284 62.904632 
-18.021281 -15.267421 6.380798 23.899279 -9.539579 6.900312 0.611638 0.958613 0.768162 -0.469722 -0.211651 -0.001612 0.015405 0.371880 0.160743 -0.002430 -0.010783 1.507933 74.886724 69.924406 0.118898 1.913480 -0.015565 785.298155 720.342652 65.076352 
-17.031277 -18.543550 6.151560 23.387728 -10.091571 7.679577 0.625211 0.957332 0.658966 -0.435659 -0.153965 0.029938 0.132355 0.404368 0.151139 0.037089 0.019033 1.238845 76.394866 69.464227 0.099484 1.815836 0.006023 786.399827 719.387847 67.187403 
-15.798644 -22.240904 5.909003 22.795949 -10.512777 8.094978 0.638784 0.955829 0.567621 -0.355409 -0.046817 0.093557 0.347865 0.363559 0.022771 0.011654 -0.020895 0.124571 77.835553 68.854426 0.086004 1.707591 -0.081542 786.779845 718.274561 68.731742 
-14.258566 -26.369019 5.618917 22.239895 -10.743059 7.803284 0.652104 0.954158 0.490330 -0.353861 0.016255 0.221581 0.679431 0.276443 -0.006823 -0.207394 -0.084576 -0.935973 79.109347 68.249672 0.077838 1.553201 -0.214202 786.125295 717.099717 69.322984 
-12.361452 -30.885586 5.183990 21.953130 -11.179156 7.189496 0.664893 0.952491 0.417074 -0.422600 0.060958 0.324472 1.037818 0.054976 -0.068735 -0.363536 -0.128787 -1.120393 80.124518 67.906818 0.073673 1.319655 -0.292085 784.585844 716.053445 68.864339 
-10.094483 -35.707930 4.521021 22.122465 -12.135873 6.444115 0.676953 0.951056 0.341429 -0.550667 0.106212 0.387601 1.281522 -0.394368 -0.226105 -0.534369 -0.151333 -1.378659 81.045022 67.989528 0.067729 0.989412 -0.277261 783.000484 715.345644 68.046979 
-7.514154 -40.678213 3.507765 22.785773 -13.711972 5.631593 0.688271 0.950021 0.258009 -0.731144 0.166526 0.423171 1.337107 -1.075750 -0.522359 -0.551607 -0.149448 -1.303509 81.910023 68.497617 0.056029 0.573126 -0.192052 782.031858 715.098807 67.373406 
-4.762029 -45.571606 2.064887 23.802651 -15.807169 5.045687 0.699064 0.949433 0.185973 -0.830923 0.242388 0.411372 1.202456 -1.560260 -0.930188 -0.233738 -0.140332 -0.568192 82.662657 69.017557 0.031077 0.113922 -0.116657 781.588797 715.292508 66.765193 
-2.002427 -50.226742 0.245374 24.903666 -18.122044 4.963694 0.709668 0.949189 0.107021 -0.885563 0.338946 0.344609 0.980451 -1.519387 -1.276516 0.032597 -0.125540 0.094591 83.209678 68.937461 0.013588 -0.334782 -0.084276 781.060030 715.769445 65.787305 
0.604026 -54.438400 -2.049376 25.729456 -20.091503 4.948547 0.720430 0.949152 0.047742 -0.884406 0.426200 0.306804 0.839658 -0.884592 -1.176811 -0.063500 -0.124598 -0.206971 83.476989 68.137997 -0.010061 -0.722339 -0.094298 780.089640 716.321053 64.299962 
2.972148 -58.078867 -5.037158 26.061385 -21.366696 4.775057 0.731533 0.949228 0.017851 -0.829668 0.480912 0.303528 0.852763 -0.111587 -0.753339 -0.082645 -0.126832 -0.272283 83.570478 67.217578 -0.012496 -1.025434 -0.106428 779.083027 716.805158 62.808974 
5.127527 -61.114924 -8.257202 25.959848 -22.047081 4.631547 0.742900 0.949387 0.000000 -0.742112 0.503286 0.287831 1.023909 0.286534 -0.421460 -0.073314 -0.113089 -0.254711 83.454268 66.654565 0.000000 -1.260274 -0.084824 778.086489 717.207374 61.526189 
7.169634 -63.622196 -10.524271 25.706615 -22.511945 4.515660 0.754259 0.949673 0.000000 -0.740048 0.521484 0.264067 1.219228 0.297267 -0.429122 -0.030526 -0.106685 -0.115599 83.209962 66.481437 0.000000 -1.471439 -0.049723 777.057556 717.636299 60.384589 
9.169713 -65.706977 -11.276263 25.518588 -23.083199 4.531309 0.765421 0.950188 0.000000 -0.790590 0.552880 0.217630 1.304622 0.184878 -0.607758 0.036417 -0.108195 0.167335 83.021459 66.525200 0.000000 -1.686468 -0.008451 776.302807 718.229741 59.539333 
11.127562 -67.383355 -10.679557 25.393028 -23.766747 4.692335 0.776400 0.951028 0.000000 -0.839600 0.575006 0.154585 1.257625 0.198364 -0.649380 0.052549 -0.110361 0.339935 83.114119 66.527555 0.000000 -1.900850 0.022882 776.122222 719.052030 59.052696 
13.006816 -68.610352 -9.409900 25.181695 -24.344669 4.920433 0.787335 0.952221 0.000000 -0.850426 0.569975 0.093830 1.179695 0.433353 -0.439879 0.042924 -0.110873 0.457472 83.483680 66.350721 0.000000 -2.092757 0.040065 776.461926 720.078339 58.815897 
14.781550 -69.347995 -8.311586 24.765425 -24.649896 5.220835 0.798338 0.953742 0.000000 -0.825524 0.534468 0.032324 1.133348 0.736464 -0.132805 0.017142 -0.099604 0.530328 84.333699 66.117151 0.000000 -2.245875 0.065434 777.514908 721.254546 58.756359 
16.466176 -69.560745 -8.465711 24.133149 -24.660041 5.553181 0.809428 0.955553 0.000000 -0.789713 0.471190 -0.026198 1.111683 0.962983 0.087018 -0.015416 -0.081783 0.588447 85.054717 65.981882 0.000000 -2.358757 0.097269 778.694046 722.551390 58.891386 
18.037096 -69.432615 -8.076382 23.339138 -24.464832 5.901252 0.820601 0.957577 0.073393 -0.756460 0.410174 -0.078547 1.087359 1.086591 0.185629 -0.044104 -0.064628 0.561503 85.291425 65.969172 -0.051375 -2.433135 0.127081 779.563013 723.939859 58.669083 
19.564867 -69.485486 -8.103210 22.432333 -24.132762 6.220291 0.831835 0.959748 0.092571 -0.723251 0.369745 -0.119494 1.052112 1.171305 0.245693 -0.062155 -0.055819 0.520152 84.966870 66.003021 -0.064800 -2.473482 0.150401 779.957288 725.442053 56.873021 
21.033100 -69.945534 -7.394154 21.410071 -23.671533 6.518862 0.843169 0.962009 0.002190 -0.678926 0.336848 -0.156194 1.018748 1.235888 0.300263 -0.074412 -0.049059 0.476408 84.797419 66.053917 -0.001533 -2.475729 0.160266 780.650434 727.032776 56.246538 
22.408946 -70.214626 -6.506253 20.270948 -23.070916 6.781583 0.854602 0.964363 0.020427 -0.629181 0.304849 -0.187496 0.981446 1.267593 0.344948 -0.076970 -0.043564 0.410517 85.421198 66.093640 -0.014299 -2.442161 0.160189 782.185088 728.654260 56.092384 
23.683761 -70.199087 -5.753109 19.012683 -22.324881 7.007991 0.866141 0.966772 0.000000 -0.573378 0.273005 -0.215500 0.948421 1.272067 0.376018 -0.076223 -0.038091 0.353703 85.724831 66.147095 0.000000 -2.373706 0.156029 783.476874 730.272997 56.192917 
24.841478 -69.867444 -4.750516 17.638503 -21.437747 7.200080 0.877794 0.969196 0.000000 -0.514269 0.241998 -0.240734 0.919124 1.236101 0.388398 -0.070633 -0.033017 0.293407 86.192032 66.203928 0.000000 -2.271321 0.149496 784.930295 731.854861 56.266310 
25.884993 -69.223503 -3.876577 16.155770 -20.419167 7.357498 0.889563 0.971598 0.000000 -0.452529 0.213594 -0.262753 0.892159 1.170123 0.388871 -0.062418 -0.028764 0.237552 86.504596 66.275052 0.000000 -2.136548 0.140288 786.238374 733.378678 56.290374 
26.804409 -68.308108 -2.951810 14.567701 -19.277146 7.482316 0.901459 0.973939 0.000000 -0.388955 0.186743 -0.281704 0.866447 1.072009 0.377217 -0.051052 -0.025005 0.181225 86.766229 66.352347 0.000000 -1.968909 0.128948 787.472572 734.820395 56.253457 
27.601237 -67.135714 -2.147377 12.883241 -18.022724 7.573184 0.913480 0.976185 0.000000 -0.322695 0.158446 -0.297423 0.838702 0.938970 0.348129 -0.037015 -0.021096 0.124454 86.934833 66.434735 0.000000 -1.770637 0.115771 788.574292 736.160519 56.154317 
28.271855 -65.732669 -1.353991 11.113742 -16.671596 7.630204 0.925622 0.978296 0.000000 -0.256604 0.129445 -0.309752 0.807104 0.780419 0.303524 -0.021233 -0.017456 0.068548 86.995233 66.520792 0.000000 -1.544094 0.100096 789.506035 737.375403 55.992119 
28.819469 -64.116002 -0.633629 9.273508 -15.242432 7.656496 0.937877 0.980229 0.000000 -0.191954 0.099408 -0.318873 0.770540 0.604244 0.244492 -0.006850 -0.014010 0.021482 86.984328 66.606103 0.000000 -1.292789 0.082004 790.275945 738.440446 55.766065 
29.248312 -62.306917 0.007787 7.378246 -13.756336 7.657587 0.950232 0.981935 0.000000 -0.129566 0.068237 -0.326495 0.731162 0.417897 0.172994 0.006057 -0.010587 -0.018552 86.878705 66.688692 0.000000 -1.020528 0.062292 790.839789 739.326850 55.488310 
29.566056 -60.326133 0.555891 5.447905 -12.239994 7.636760 0.962669 0.983362 0.000000 -0.070659 0.035108 -0.336293 0.694152 0.230625 0.089791 0.015876 -0.007148 -0.047208 86.699521 66.766582 0.000000 -0.731945 0.042035 791.193679 740.004263 55.172236 
29.783631 -58.198478 0.990441 3.507688 -10.729817 7.605801 0.975166 0.984459 0.000000 -0.014338 0.001907 -0.351525 0.664468 0.046754 0.004796 0.017272 -0.004340 -0.049134 86.415925 66.844646 0.000000 -0.432151 0.021267 791.303300 740.444193 54.807295 
29.911260 -55.973723 1.318896 1.580333 -9.266268 7.584058 0.987712 0.985185 0.000000 0.039459 -0.032140 -0.376518 0.647351 -0.126923 -0.077047 0.006621 -0.001661 -0.017584 86.015475 66.928579 0.000000 -0.123379 0.000806 791.158343 740.623364 54.382562 
29.964487 -53.689591 1.515107 -0.303850 -7.898009 7.591044 1.000282 0.985512 0.000000 0.090085 -0.066766 -0.415441 0.647938 -0.280592 -0.146393 -0.020723 0.000467 0.049881 85.530907 67.012653 0.000000 0.189462 -0.020176 790.773548 740.529043 53.965269 
29.959184 -51.368994 1.610620 -2.110911 -6.675999 7.649429 1.012842 0.985432 0.000000 0.137762 -0.101278 -0.471907 0.669867 -0.407611 -0.193311 -0.070741 0.001970 0.149905 84.959037 67.098626 0.000000 0.499362 -0.042593 790.153543 740.161534 53.581592 
29.906682 -49.022707 1.624378 -3.812921 -5.639471 7.770974 1.025362 0.984964 0.000000 0.182544 -0.134726 -0.549804 0.716516 -0.504793 -0.212249 -0.141548 0.002391 0.257452 84.316643 67.185154 0.000000 0.799974 -0.067749 789.322637 739.537919 53.231195 
29.811680 -46.651000 1.525051 -5.396590 -4.802981 7.951184 1.037828 0.984157 0.000000 0.224939 -0.165386 -0.648790 0.786118 -0.577345 -0.205795 -0.226619 0.001279 0.349295 83.601998 67.261544 0.000000 1.087023 -0.095783 788.294151 738.694778 52.895516 
29.670348 -44.251934 1.345272 -6.868629 -4.151214 8.185375 1.050243 0.983087 0.000000 0.265742 -0.192198 -0.756656 0.862637 -0.636157 -0.184804 -0.324064 0.000439 0.428284 82.816444 67.312313 0.000000 1.359173 -0.121560 787.090444 737.684298 52.550422 
29.474803 -41.822714 1.122556 -8.250901 -3.643357 8.448311 1.062625 0.981840 0.000000 0.304984 -0.215504 -0.865359 0.933707 -0.691319 -0.164524 -0.385094 -0.000079 0.445011 81.984758 67.324161 0.000000 1.617121 -0.141738 785.760280 736.564538 52.180709 
29.217218 -39.363045 0.878636 -9.573379 -3.224755 8.702905 1.074998 0.980497 0.000000 0.341046 -0.236699 -0.965935 0.988472 -0.747840 -0.156526 -0.385466 0.000194 0.399060 81.124890 67.294301 0.000000 1.862559 -0.153465 784.361158 735.389600 51.791526 
28.892789 -36.877298 0.630608 -10.864869 -2.842724 8.912260 1.087387 0.979118 0.000000 0.379890 -0.257691 -1.051394 1.023804 -0.819624 -0.162971 -0.313305 0.002360 0.297990 80.254435 67.237304 0.000000 2.097064 -0.155722 782.952319 734.201736 51.398679 
28.504221 -34.377516 0.395816 -12.138403 -2.469864 9.051914 1.099799 0.977740 0.000000 0.422580 -0.279408 -1.118496 1.040198 -0.898327 -0.173154 -0.193146 0.007059 0.172684 79.377520 67.182682 0.000000 2.320111 -0.149523 781.574330 733.028373 51.016949 
28.062596 -31.883465 0.198553 -13.384517 -2.115409 9.120640 1.112226 0.976374 0.000000 0.469158 -0.300915 -1.169144 1.039743 -0.966071 -0.168719 -0.074616 0.013114 0.063821 78.495204 67.159571 0.000000 2.528331 -0.138413 780.249123 731.882203 50.656672 
27.585931 -29.420100 0.052918 -14.573158 -1.821962 9.134070 1.124644 0.975014 0.000000 0.518615 -0.318986 -1.208293 1.029954 -1.000599 -0.130569 0.010199 0.019899 -0.008440 77.606177 67.187519 0.000000 2.715797 -0.125719 778.982391 730.763772 50.322828 
27.095386 -27.017542 -0.024727 -15.663906 -1.649569 9.122393 1.137019 0.973641 0.000000 0.568934 -0.328806 -1.242567 1.016470 -0.984820 -0.050975 0.028987 0.024919 -0.023328 76.709732 67.270783 0.000000 2.875544 -0.115780 777.774197 729.666059 50.020869 
26.610555 -24.707887 -0.019665 -16.620903 -1.652058 9.114371 1.149323 0.972236 0.000000 0.617600 -0.326213 -1.276871 1.005798 -0.917081 0.055591 0.001893 0.027891 -0.001483 75.809739 67.395640 0.000000 3.001378 -0.109806 776.627429 728.579456 49.762965 
26.144609 -22.524979 0.104989 -17.427486 -1.853327 9.117179 1.161544 0.970787 0.000000 0.662304 -0.313387 -1.317836 1.006968 -0.815780 0.158244 -0.023513 0.029632 0.017842 74.913922 67.535445 0.000000 3.089994 -0.107345 775.549070 727.496954 49.561475 
25.700421 -20.496433 0.351135 -18.090998 -2.241548 9.115494 1.173694 0.969302 0.000000 0.701898 -0.298024 -1.370269 1.022800 -0.707664 0.236230 0.028968 0.033313 -0.021140 74.034470 67.666944 0.000000 3.142132 -0.103891 774.552768 726.420606 49.429103 
25.270958 -18.645772 0.720347 -18.634717 -2.782779 9.071548 1.185807 0.967806 0.000000 0.736425 -0.290433 -1.437155 1.052769 -0.610183 0.296658 0.181515 0.041817 -0.126302 73.174398 67.796454 0.000000 3.162388 -0.094475 773.667790 725.363537 49.384535 
24.842212 -16.994031 1.222603 -19.081564 -3.450987 8.960628 1.197929 0.966346 0.000000 0.766316 -0.293272 -1.512081 1.090447 -0.519530 0.359932 0.380620 0.055836 -0.251719 72.341160 67.963534 0.000000 3.157959 -0.075694 772.949137 724.349382 49.465231 
24.398029 -15.556926 1.837483 -19.440069 -4.251412 8.802206 1.210107 0.964980 0.000000 0.791395 -0.295680 -1.574558 1.118549 -0.416952 0.435788 0.457088 0.072595 -0.290296 71.545262 68.221371 0.000000 3.136365 -0.047921 772.472815 723.407230 49.726309 
23.925626 -14.353036 2.564606 -19.702680 -5.217063 8.619177 1.222381 0.963752 0.000000 0.810521 -0.289923 -1.610252 1.126062 -0.283907 0.519614 0.503120 0.089744 -0.312448 70.802642 68.613325 0.000000 3.103951 -0.014520 772.307319 722.558887 50.223639 
23.417788 -13.399482 3.385577 -19.847012 -6.402201 8.437017 1.234773 0.962683 0.000000 0.821557 -0.274078 -1.618586 1.114805 -0.103717 0.606839 0.498635 0.107745 -0.308068 70.128102 69.180624 0.000000 3.064819 0.022089 772.505063 721.811441 51.011190 
22.862893 -12.689915 4.255793 -19.840470 -7.873306 8.246570 1.247297 0.961774 0.009627 0.821350 -0.248688 -1.595342 1.076941 0.131336 0.686534 0.520827 0.122531 -0.326468 69.489607 69.978689 -0.006739 3.021922 0.054952 773.076174 721.156737 52.122135 
22.237190 -12.185448 4.998816 -19.637424 -9.716356 8.055324 1.259949 0.961012 0.058748 0.807139 -0.213594 -1.543065 1.016140 0.440476 0.741634 0.502146 0.133992 -0.325421 68.868708 71.051367 -0.041124 2.976186 0.082631 773.917471 720.577262 53.459703 
21.619359 -12.167691 5.459905 -19.163056 -12.036693 7.855067 1.272649 0.960369 0.150029 0.774549 -0.167791 -1.458246 0.928577 0.832047 0.732375 0.519927 0.137553 -0.356543 68.400309 72.413896 -0.051643 2.918139 0.101181 774.960087 720.068434 54.998390 
21.077034 -12.615293 5.992792 -18.338914 -14.926881 7.617227 1.285271 0.959815 0.337096 0.721433 -0.094078 -1.336181 0.816483 1.241932 0.505347 0.631604 0.125468 -0.472694 67.996167 74.037459 -0.019309 2.832509 0.106041 776.083325 719.635988 56.546399 
20.618699 -12.999270 6.069571 -17.107916 -18.405331 7.291768 1.297632 0.959350 0.518818 0.650122 -0.005230 -1.174868 0.690930 1.572421 0.032973 0.749459 0.096207 -0.637909 67.579100 75.549104 -0.049923 2.693336 0.091455 776.766736 719.320399 57.588466 
20.369768 -13.508384 5.896247 -15.468286 -22.400625 6.893751 1.309553 0.958960 0.684592 0.568502 0.056687 -1.003113 0.575643 1.756867 -0.403230 0.746369 0.075840 -0.744052 67.347432 76.876963 -0.068859 2.476474 0.084973 777.222260 719.161048 58.209862 
20.405940 -14.305642 5.749731 -13.449721 -26.827444 6.398486 1.320951 0.958659 0.809804 0.459766 0.108863 -0.837550 0.481071 1.690003 -0.842071 0.808549 0.063920 -0.965374 67.300178 78.097041 -0.080103 2.176751 0.085407 777.647381 719.193909 58.634312 
20.697254 -15.369338 5.562984 -11.145017 -31.520225 5.710318 1.331883 0.958489 0.859155 0.375067 0.140868 -0.685092 0.399573 1.519383 -1.128445 0.948945 0.056972 -1.385136 67.354165 79.152199 -0.088529 1.811746 0.086732 778.118168 719.438883 58.900128 
21.130741 -16.598978 5.472948 -8.667593 -36.318862 4.788191 1.342506 0.958466 0.849135 0.313606 0.161028 -0.539122 0.317076 1.334481 -1.300151 0.976041 0.056276 -1.810427 67.331468 80.193884 -0.091782 1.413160 0.088881 778.665397 719.870343 59.065893 
21.548055 -17.791822 5.445170 -6.122039 -41.058064 3.546268 1.352999 0.958572 0.815019 0.272945 0.173281 -0.392825 0.239494 1.169887 -1.357614 0.934021 0.047333 -2.377702 67.112979 81.168202 -0.093531 1.013337 0.075371 779.135682 720.423778 59.039697 
21.802792 -18.747975 5.413638 -3.596642 -45.604951 1.972096 1.363519 0.958765 0.812123 0.253165 0.181449 -0.255688 0.176721 1.063285 -1.355164 0.730195 0.027568 -2.855804 66.754056 81.993166 -0.091995 0.638653 0.047026 779.434682 721.020463 58.800882 
21.835221 -19.389087 5.363128 -1.141475 -49.900798 0.111854 1.374137 0.959005 0.872974 0.247706 0.185716 -0.138004 0.109071 1.005138 -1.291663 0.472508 0.015067 -3.423863 66.430094 82.566686 -0.086361 0.300556 0.026378 779.525861 721.610652 58.349711 
21.697549 -19.797837 5.301233 1.222005 -53.841251 -2.120794 1.384821 0.959288 0.981023 0.254000 0.187413 -0.034022 0.054324 0.989055 -1.178550 0.140171 -0.006180 -4.119964 66.245495 82.793799 -0.077947 -0.005537 -0.002865 779.329474 722.192767 57.599509 
21.487974 -20.126821 5.268113 3.485872 -57.327347 -5.009359 1.395503 0.959655 1.094994 0.270647 0.187885 0.003619 0.025702 1.009486 -1.022170 -0.019161 -0.009400 -5.294805 66.198834 82.823412 -0.072659 -0.289459 -0.008639 779.011930 722.808567 56.665513 
21.276453 -20.485923 5.299648 5.654758 -60.296847 -8.480673 1.406132 0.960184 1.158483 0.289291 0.186942 0.041323 0.005243 1.031596 -0.850644 -0.247040 -0.003670 -5.978203 66.228200 82.771843 -0.070695 -0.558163 -0.003685 778.753648 723.519035 55.725247 
21.057814 -20.872983 5.420658 7.717546 -62.732811 -11.630081 1.416717 0.960934 1.161369 0.302486 0.178359 0.059477 0.000000 1.020503 -0.655087 -0.260901 0.000000 -4.386562 66.243088 82.633952 -0.070482 -0.809882 0.000000 778.588223 724.356160 54.926973 
20.766598 -21.190354 5.612981 9.662516 -64.693300 -13.512276 1.427316 0.961926 1.131468 0.308457 0.165132 0.065663 0.000000 0.977794 -0.486535 -0.122854 0.000000 -1.870967 66.185525 82.588507 -0.067959 -1.036146 0.000000 778.677055 725.318866 54.439461 
20.336398 -21.337888 5.851505 11.485490 -66.252525 -13.842448 1.437988 0.963150 1.100121 0.309621 0.150736 0.053611 0.000000 0.918713 -0.347381 0.033602 0.000000 0.626780 66.092134 82.701940 -0.060210 -1.228567 0.000000 779.082589 726.386943 54.297484 
19.745981 -21.285207 6.132523 13.194657 -67.428287 -13.013553 1.448760 0.964581 1.072594 0.307101 0.136169 0.033747 0.000000 0.856919 -0.224354 0.065640 0.000000 1.945087 66.027129 83.072009 -0.046096 -1.384068 0.000000 779.893685 727.537753 54.422104 
19.010886 -21.049621 6.405901 14.805214 -68.213091 -11.650316 1.459632 0.966185 1.043322 0.301333 0.121840 0.031336 0.000000 0.792636 -0.121874 0.082224 0.000000 2.623942 66.008463 83.591053 -0.035250 -1.503764 0.000000 780.982950 728.751620 54.716761 
18.140546 -20.646551 6.659649 16.320665 -68.612672 -10.085585 1.470612 0.967927 1.012487 0.292732 0.107639 -0.030882 0.000000 0.725558 -0.031109 -0.052105 0.000000 1.687206 66.012567 84.315914 -0.025974 -1.587467 0.000000 782.376741 730.005130 55.114985 
17.139730 -20.079468 6.882034 17.764024 -68.556278 -9.819522 1.481696 0.969782 0.977943 0.279985 0.087959 0.029954 0.000000 0.661991 0.038198 -0.007721 0.000000 -0.257774 66.030257 85.387938 -0.017578 -1.636378 0.000000 784.183141 731.282238 55.588697 
16.007758 -19.354027 7.074307 19.113340 -68.168555 -9.548266 1.492912 0.971691 0.951259 0.270969 0.070855 0.029459 0.000000 0.590623 0.060331 0.039413 0.000000 1.337899 66.076783 85.755548 -0.009540 -1.648027 0.000000 785.350772 732.548290 56.127996 
14.758140 -18.489890 7.234455 20.368060 -67.512738 -8.838967 1.504258 0.973602 0.927680 0.259102 0.056869 0.009776 0.000000 0.530362 0.077507 0.008039 0.000000 0.822322 66.128432 86.525003 -0.003739 -1.624277 0.000000 786.900733 733.777757 56.675951 
13.405086 -17.503256 7.361290 21.540592 -66.577784 -8.245543 1.515722 0.975485 0.903886 0.245155 0.043540 0.028916 0.000000 0.464720 0.076935 0.038879 0.000000 1.344547 66.189030 87.057037 0.000584 -1.568905 0.000000 788.223682 734.954695 57.229190 
11.954009 -16.401162 7.456183 22.623569 -65.410930 -7.377291 1.527307 0.977296 0.880630 0.216775 0.018950 0.010821 0.000000 0.379853 0.040895 0.015688 0.000000 1.449679 66.248932 87.607988 0.003743 -1.483441 0.000000 789.537199 736.055928 57.747863 
10.408608 -15.187769 7.519392 23.621728 -64.030034 -6.528283 1.539016 0.979003 0.856986 0.180988 -0.007390 0.016944 0.000000 0.290493 -0.018276 0.025184 0.000000 1.486333 66.315469 88.058920 0.006931 -1.369112 0.000000 790.721597 737.063984 58.159784 
8.773278 -13.872455 7.554813 24.533028 -62.480651 -5.646207 1.550855 0.980570 0.831808 0.155382 -0.023811 0.009192 0.000000 0.227523 -0.065160 0.013085 0.000000 1.423462 66.385563 88.432793 0.010537 -1.225948 0.000000 791.774702 737.958125 58.474811 
7.062582 -12.474762 7.558799 25.362095 -60.786395 -4.813843 1.562817 0.981957 0.803877 0.128675 -0.034087 0.012846 0.000000 0.170532 -0.100856 0.018229 0.000000 1.419024 66.460143 88.681150 0.013995 -1.056949 0.000000 792.637800 738.718725 58.701466 
5.294934 -11.022127 7.535138 26.108579 -58.968011 -3.963799 1.574895 0.983125 0.772478 0.101464 -0.042215 0.009193 0.000000 0.120513 -0.133380 0.012989 0.000000 1.412998 66.538974 88.811143 0.017142 -0.865342 0.000000 793.301728 739.322753 58.842555 
3.492984 -9.549239 7.495138 26.774295 -57.034402 -3.144828 1.587073 0.984033 0.738835 0.074426 -0.049272 0.009663 0.000000 0.078389 -0.164784 0.013066 0.000000 1.352185 66.622013 88.823213 0.020223 -0.655052 0.000000 793.750025 739.746140 58.901968 
1.685168 -8.101732 7.457747 27.361915 -54.996427 -2.356496 1.599334 0.984639 0.707058 0.051184 -0.053385 0.007924 0.000000 0.047420 -0.187558 0.010175 0.000000 1.284021 66.711844 88.710357 0.024050 -0.430658 0.000000 793.956688 739.962846 58.890722 
-0.090738 -6.743142 7.451322 27.877025 -52.867954 -1.619047 1.611651 0.984902 0.684089 -0.008054 -0.084578 0.006217 0.000000 -0.006503 -0.307392 0.007456 0.000000 1.199345 66.824299 88.440321 0.028469 -0.197372 0.000000 793.891501 739.948903 58.773303 
-1.796196 -5.547054 7.512783 28.323663 -50.686695 -0.943009 1.624013 0.984795 0.678387 -0.036866 -0.093413 0.003682 0.000000 -0.025715 -0.346052 0.003890 0.000000 1.056449 66.975819 88.013948 0.033279 0.042823 0.000000 793.560542 739.687050 58.565894 
-3.384243 -4.593872 7.679629 28.707885 -48.465325 -0.370591 1.636393 0.984315 0.697300 -0.052846 -0.094726 0.004387 0.000000 -0.031502 -0.357364 0.003841 0.000000 0.875638 67.172583 87.467028 0.036863 0.284950 0.000000 793.000526 739.174117 58.357435 
-4.816590 -3.944503 7.977485 29.031643 -46.199679 0.096701 1.648765 0.983483 0.744907 -0.064439 -0.095249 0.003796 0.000000 -0.031689 -0.367351 0.002617 0.000000 0.689433 67.410211 86.813789 0.037822 0.523680 0.000000 792.243195 738.425320 58.179623 
-6.084350 -3.607253 8.386073 29.288469 -43.875170 0.438594 1.661126 0.982359 0.822726 -0.073045 -0.096433 0.003466 0.000000 -0.026867 -0.383092 0.001561 0.000000 0.450327 67.648871 86.076207 0.034259 0.756609 0.000000 791.312438 737.478342 58.017712 
-7.217585 -3.526883 8.868039 29.462383 -41.472872 0.644021 1.673499 0.981035 0.908113 -0.078608 -0.097503 0.005357 0.000000 -0.016641 -0.401412 0.001317 0.000000 0.245800 67.826042 85.267649 0.027974 0.985278 0.000000 790.216602 736.392170 57.826620 
-8.271390 -3.609409 9.393134 29.534240 -38.979436 0.748403 1.685925 0.979609 0.971026 -0.081020 -0.098811 0.006071 0.000000 -0.002156 -0.422455 0.000682 0.000000 0.112270 67.904915 84.412720 0.021689 1.213575 0.000000 788.997584 735.230192 57.584649 
-9.302888 -3.751471 9.893909 29.492170 -36.392131 0.764532 1.698441 0.978154 1.003679 -0.080297 -0.100093 0.004670 0.000000 0.013475 -0.443322 -0.000313 0.000000 -0.066925 67.883952 83.546906 0.015454 1.444646 0.000000 787.717647 734.040536 57.296787 
-10.354677 -3.870334 10.313588 29.336840 -33.721102 0.666601 1.711063 0.976705 1.011938 -0.079436 -0.100730 0.005457 0.000000 0.027956 -0.458617 -0.001385 0.000000 -0.253805 67.789590 82.678612 0.010727 1.678855 0.000000 786.418497 732.849379 56.981741 
-11.449714 -3.915383 10.623139 29.078343 -30.990730 0.483763 1.723794 0.975264 1.010615 -0.078866 -0.100982 0.006523 0.000000 0.040498 -0.467265 -0.002273 0.000000 -0.348400 67.661242 81.803350 0.009585 1.914119 0.000000 785.126930 731.664271 56.662667 
-12.591449 -3.871040 10.824577 28.732323 -28.231658 0.261961 1.736621 0.973822 1.000459 -0.078530 -0.100881 0.006240 0.000000 0.050684 -0.469051 -0.002467 0.000000 -0.395358 67.534473 80.927853 0.011580 2.146758 0.000000 783.866858 730.484169 56.363780 
-13.765278 -3.752947 10.933586 28.319022 -25.475434 0.016153 1.749525 0.972358 0.981393 -0.078416 -0.100222 0.005982 0.000000 0.057882 -0.462682 -0.002557 0.000000 -0.427403 67.436656 80.052590 0.015706 2.371481 0.000000 782.639334 729.301628 56.095417 
-14.937098 -3.607408 10.975561 27.864850 -22.757490 -0.238231 1.762467 0.970838 0.957942 -0.079145 -0.099590 0.006133 0.000000 0.061868 -0.450075 -0.002562 0.000000 -0.417794 67.382860 79.171451 0.019988 2.580441 0.000000 781.425271 728.102338 55.855103 
-16.061490 -3.497528 10.973790 27.400227 -20.117289 -0.471792 1.775399 0.969226 0.940403 -0.081518 -0.099751 0.005961 0.000000 0.063055 -0.434424 -0.002140 0.000000 -0.359026 67.371298 78.282290 0.024010 2.764023 0.000000 780.205473 726.869271 55.641865 
-17.093861 -3.486012 10.962677 26.954940 -17.594266 -0.658402 1.788275 0.967492 0.934504 -0.087256 -0.102147 0.005474 0.000000 0.062639 -0.421378 -0.001430 0.000000 -0.261311 67.390614 77.387744 0.028196 2.912597 0.000000 778.975568 725.589774 55.463942 
-18.001141 -3.617987 10.968208 26.554433 -15.227478 -0.776704 1.801060 0.965621 0.941009 -0.098552 -0.108545 0.004334 0.000000 0.061567 -0.415590 -0.000572 0.000000 -0.131863 67.424572 76.494700 0.033134 3.018392 0.000000 777.749243 724.260033 55.337080 
-18.767304 -3.912976 11.000160 26.217856 -13.058142 -0.813929 1.813738 0.963619 0.956168 -0.115667 -0.119854 0.002691 0.000000 0.058307 -0.414533 0.000035 0.000000 0.013001 67.457150 75.614343 0.039508 3.076721 0.000000 776.549358 722.885607 55.276306 
-19.391924 -4.367003 11.042130 25.959365 -11.135651 -0.746452 1.826312 0.961502 0.980058 -0.140600 -0.137341 0.001397 0.000000 0.051029 -0.411205 0.000321 0.000000 0.230083 67.481808 74.759192 0.048652 3.086155 0.000000 775.406897 721.479432 55.297148 
-19.883249 -4.966299 11.057595 25.788851 -9.520118 -0.536587 1.838800 0.959304 1.013043 -0.173855 -0.160720 -0.001969 0.000000 0.036456 -0.389836 -0.000939 0.000000 0.476826 67.515782 73.943221 0.062310 3.048469 0.000000 774.362582 720.061525 55.421796 
-20.246808 -5.709489 11.015045 25.710477 -8.273683 -0.181003 1.851234 0.957075 1.052806 -0.212894 -0.187010 -0.005335 0.000000 0.011580 -0.327778 -0.003830 0.000000 0.717794 67.606708 73.179107 0.081716 2.968091 0.000000 773.479969 718.659298 55.693649 
-20.476039 -6.624766 10.910205 25.722337 -7.453584 0.314018 1.863653 0.954874 1.092332 -0.254682 -0.211225 -0.007831 0.000000 -0.023271 -0.210519 -0.007400 0.000000 0.944965 67.822492 72.479274 0.106096 2.851315 0.000000 772.849895 717.304924 56.185935 
-20.551182 -7.773263 10.787461 25.813396 -7.096277 0.941253 1.876099 0.952766 1.118631 -0.295078 -0.228170 -0.009519 0.000000 -0.061459 -0.046974 -0.011040 0.000000 1.159733 68.231749 71.852880 0.133202 2.705831 0.000000 772.580455 716.029270 56.992679 
-20.445268 -9.227356 10.652581 25.959903 -7.201601 1.680106 1.888619 0.950802 1.117982 -0.333894 -0.236340 -0.009610 0.000000 -0.091817 0.129981 -0.012717 0.000000 1.323317 68.903013 71.295639 0.157797 2.540250 0.000000 772.763209 714.852279 58.200804 
-20.123515 -11.071022 10.500098 26.127928 -7.733622 2.515583 1.901255 0.949002 1.086852 -0.370078 -0.237767 -0.008216 0.000000 -0.103571 0.291039 -0.012235 0.000000 1.489138 69.914209 70.791717 0.177512 2.363023 0.000000 773.454932 713.773111 59.871647 
-19.547569 -13.390192 10.313668 26.279832 -8.634059 3.445429 1.914037 0.947350 1.025131 -0.399938 -0.234927 -0.007402 0.000000 -0.087974 0.419586 -0.012089 0.000000 1.633300 71.294602 70.331050 0.184229 2.181762 0.000000 774.645218 712.766570 62.020179 
-18.705291 -16.218716 10.058311 26.378252 -9.830903 4.421631 1.926991 0.945788 0.926524 -0.418779 -0.196861 -0.002646 0.013185 -0.038750 0.431342 -0.003922 -0.009230 1.482210 72.942931 69.896789 0.175224 2.003845 -0.013505 776.167075 711.783261 64.532709 
-17.606947 -19.543459 9.713756 26.361625 -11.147514 5.236572 1.940126 0.944233 0.795448 -0.428458 -0.154578 0.029076 0.115344 0.068841 0.320363 0.035083 0.022100 1.206631 74.762048 69.339108 0.156060 1.834227 0.012109 777.618509 710.761246 67.045511 
-16.239888 -23.354424 9.268029 26.218277 -12.251470 5.810999 1.953344 0.942610 0.662517 -0.453563 -0.136388 0.079446 0.307020 0.124708 0.230054 0.041991 -0.001926 0.528552 76.579265 68.824730 0.127192 1.664111 -0.048504 778.547610 709.670211 69.106973 
-14.570927 -27.637807 8.757212 26.102046 -13.229688 5.824714 1.966423 0.940903 0.550532 -0.460434 -0.074273 0.184091 0.588706 0.024726 0.126476 -0.085586 -0.055280 -0.464912 78.163923 68.493110 0.108175 1.468786 -0.157751 778.557204 708.559730 70.298762 
-12.572845 -32.332412 8.138333 26.237974 -14.416754 5.410334 1.979096 0.939190 0.456478 -0.445124 0.046731 0.292319 0.865605 -0.250920 -0.110960 -0.249066 -0.112234 -0.852034 79.455077 68.454908 0.097451 1.218125 -0.251150 777.771936 707.557163 70.568691 
-10.227808 -37.339768 7.277872 26.800699 -16.109814 4.933635 1.991145 0.937570 0.376815 -0.495015 0.175744 0.358084 1.038327 -0.661703 -0.586858 -0.263223 -0.144341 -0.735086 80.560006 68.737301 0.083685 0.886558 -0.273406 776.814764 706.790969 70.413875 
