40.095576
70.918668
0.654247
10.0

80.314021
40.254502
0.525466
10.0

80.209829
40.986233
0.438534
10.0

80.531540
40.523921
0.513572
10.0

90.472192
30.165966
0.60208
10.350399

75.168887
20.294536
0.567096
10.371103

70.836268
45.109163
0.409223
10.905072

80.297795
20.309232
0.353014
10.390953

95.421307
55.315686
0.523138
10.542893

90.540732
55.891313
0.500183
10.418621

55.013938
20.743518
0.383216
10.416034

90.220691
30.144633
0.228394
10.917368

90.633158
30.225732
0.293380
10.277703

0.634008
0.401117
28.932920
48.538926

1.493708
-0.002155
0.121090
0.033174
-4.862145
-4.827570
4.426862
3.950468
-2.699852
4.298572
2.607408
-4.530738
1.129045
