89.972828
56.005341
0.498871
13.010895
98.798486
51.851485

0.525466
10.000000
80.209829
57.152193
0.436975
10.000000

70.531540
22.730303
0.251174
10.000000
39.602669
70.165966

0.602080
10.350399
48.569597
10.202820
0.858023
11.290137

81.022024
40.109163
0.410787
12.887432
90.378919
40.309232

0.645305
12.330210
86.287981
45.410853
0.520370
13.387598

82.078921
30.891313
0.500183
10.418621
90.068566
42.573321

0.473005
10.416034
87.529264
30.144633
0.228394
11.825218

98.774987
44.486221
0.293380
10.277703
53.156821
20.401117

0.332920
10.538926
1.493708
-0.315781
-0.797540
-1.527604

1.638386
-4.840369
4.990539
-1.794641
1.011780
4.298572

2.627399
-4.818528
1.129045
0.000000
0.000000
0.000000

0.000000
0.000000
0.000000
-78459077160213653000000000000000000000000000000000000000000000000000000000000000000000000000000000000000000000000000000000000000000000000000000000000000000000000000000000000000000000000000000000000000000000000000000000000000000000000000000000000000000000000000000000000000000000000000000000000000000.000000
0.000000
0.000000

0.000000
0.000000
0.000000
0.000000
0.000000
0.000000

1.493708
-0.315781
-0.797540
-1.527604
1.638386
-4.840369
4.990539
-1.794641
1.011780
4.298572
2.627399
-4.818528
1.129045
