-14.837604
51.771182
0.113030
0.233813
0.214554
0.119279
0.389873
0.648925
-7.267666
57.410112
0.244595
0.204262
0.246515
0.101528
0.458129
0.309558
84.678468
27.998028
0.224402
0.352334
0.349193
0.330163
14.298323
48.761145
59.894321
85.865953
0.481305
0.251214
53.309584
79.507094
0.100368
0.503463
0.419342
0.394818
54.642472
10.025619
0.124280
0.262513
0.356362
0.196345
40.162303
72.028882
0.394484
0.472564
0.503118
0.492604
80.024955
24.723364
0.499116
0.191261
0.132642
0.378952
83.946685
28.143816
0.100894
0.258449
0.482306
0.172901
71.013322
18.566305
0.498131
0.132951
0.154386
0.436807
-6.985319
58.529512
0.105873
0.450891
0.520000
0.146109

-1.351932
2.618743
1.935596
0.413163
1.528633
-1.398565
1.330649
0.764614
0.316588
