0 0.204249 0.000000 0.181640 0.000000 0.619057 0.000000 1.000000 0.000000 0.744057 0.000000 0.960654 0.000000 0.826277 0.000000 
1 0.224757 0.000000 0.187075 0.000000 0.548126 0.000000 0.973752 0.000000 0.800499 0.000000 0.973620 0.000000 0.898855 0.000000 
2 0.244812 0.000000 0.192478 0.000000 0.491974 0.000000 0.921476 0.000000 0.851818 0.000000 0.982602 0.000000 0.955190 0.000000 
3 0.263562 0.000000 0.198509 0.000000 0.449613 0.000000 0.847611 0.000000 0.898151 0.000000 0.991524 0.000000 0.989373 0.000000 
4 0.280576 0.000000 0.205531 0.000000 0.417715 0.000000 0.758364 0.000000 0.937790 0.000000 0.998201 0.000000 1.000000 0.000000 
5 0.296014 0.000000 0.213419 0.000000 0.394524 0.000000 0.660475 0.000000 0.971093 0.000000 1.000000 0.000000 0.985723 0.000000 
6 0.310975 0.000000 0.222048 0.000000 0.374748 0.000000 0.560339 0.000000 0.992651 0.000000 0.993045 0.000000 0.949692 0.000000 
7 0.326382 0.000000 0.230862 0.000000 0.357062 0.000000 0.464312 0.000000 1.000000 0.000000 0.972837 0.000000 0.894425 0.000000 
8 0.342940 0.000000 0.240015 0.000000 0.338493 0.000000 0.377393 0.000000 0.990875 0.000000 0.936379 0.000000 0.825930 0.000000 
9 0.360496 0.000000 0.249828 0.000000 0.319804 0.000000 0.302295 0.000000 0.963894 0.000000 0.883163 0.000000 0.751729 0.000000 
10 0.377880 0.000000 0.259696 0.000000 0.298321 0.000000 0.239543 0.000000 0.920148 0.000000 0.814959 0.000000 0.678108 0.000000 
11 0.393014 0.000000 0.269407 0.000000 0.274858 0.000000 0.189111 0.000000 0.860846 0.000000 0.736559 0.000000 0.609013 0.000000 
12 0.404156 0.000000 0.277894 0.000000 0.249888 0.000000 0.150048 0.000000 0.789742 0.000000 0.652280 0.000000 0.547220 0.000000 
13 0.410797 0.000000 0.284625 0.000000 0.222766 0.000000 0.121184 0.000000 0.711062 0.000000 0.566084 0.000000 0.491424 0.000000 
14 0.413771 0.000000 0.290352 0.000000 0.192841 0.000000 0.100758 0.000000 0.627522 0.000000 0.482209 0.000000 0.443214 0.000000 
15 0.414643 0.000000 0.295580 0.000000 0.162749 0.000000 0.087023 0.000000 0.543472 0.000000 0.403691 0.000000 0.401618 0.000000 
16 0.414641 0.000000 0.301418 0.000000 0.132300 0.000000 0.078235 0.000000 0.459400 0.000000 0.332787 0.000000 0.364916 0.000000 
17 0.414712 0.000000 0.308441 0.000000 0.103931 0.000000 0.072498 0.000000 0.381932 0.000000 0.269969 0.000000 0.333578 0.000000 
18 0.415014 0.000000 0.317573 0.000000 0.078878 0.000000 0.068081 0.000000 0.312168 0.000000 0.217054 0.000000 0.305730 0.000000 
19 0.415003 0.000000 0.328899 0.000000 0.058334 0.000000 0.064028 0.000000 0.251963 0.000000 0.172398 0.000000 0.281589 0.000000 
20 0.413637 0.000000 0.342981 0.000000 0.042085 0.000000 0.059595 0.000000 0.199926 0.000000 0.137626 0.000000 0.259785 0.000000 
21 0.410482 0.000000 0.359356 0.000000 0.029303 0.000000 0.054870 0.000000 0.157381 0.000000 0.110380 0.000000 0.240182 0.000000 
22 0.406383 0.000000 0.378198 0.000000 0.020375 0.000000 0.049856 0.000000 0.121914 0.000000 0.090160 0.000000 0.221274 0.000000 
23 0.402652 0.000000 0.399380 0.000000 0.012937 0.000000 0.044498 0.000000 0.093751 0.000000 0.075575 0.000000 0.204089 0.000000 
24 0.400893 0.000000 0.423838 0.000000 0.007525 0.000000 0.039036 0.000000 0.070665 0.000000 0.065936 0.000000 0.185810 0.000000 
25 0.402763 0.000000 0.451750 0.000000 0.003685 0.000000 0.033730 0.000000 0.053733 0.000000 0.059483 0.000000 0.168307 0.000000 
26 0.409266 0.000000 0.483736 0.000000 0.001418 0.000000 0.028599 0.000000 0.041088 0.000000 0.054476 0.000000 0.151584 0.000000 
27 0.420949 0.000000 0.519817 0.000000 0.000000 0.000000 0.023871 0.000000 0.030975 0.000000 0.050826 0.000000 0.135838 0.000000 
28 0.437905 0.000000 0.560221 0.000000 0.000368 0.000000 0.019488 0.000000 0.024664 0.000000 0.047627 0.000000 0.122342 0.000000 
29 0.460582 0.000000 0.604107 0.000000 0.001493 0.000000 0.016092 0.000000 0.021831 0.000000 0.044951 0.000000 0.110582 0.000000 
30 0.488707 0.000000 0.651214 0.000000 0.003967 0.000000 0.013730 0.000000 0.019402 0.000000 0.042760 0.000000 0.100048 0.000000 
31 0.522314 0.000000 0.701072 0.000000 0.007417 0.000000 0.012694 0.000000 0.018490 0.000000 0.040977 0.000000 0.090717 0.000000 
32 0.561690 0.000000 0.752437 0.000000 0.010320 0.000000 0.013145 0.000000 0.019828 0.000000 0.040307 0.000000 0.082123 0.000000 
33 0.606117 0.000000 0.803583 0.000000 0.013966 0.000000 0.014925 0.000000 0.021625 0.000000 0.039834 0.000000 0.074868 0.000000 
34 0.654921 0.000000 0.853362 0.000000 0.016615 0.000000 0.018207 0.000000 0.023701 0.000000 0.039710 0.000000 0.068765 0.000000 
35 0.706496 0.000000 0.899917 0.000000 0.019155 0.000000 0.022865 0.000000 0.025159 0.000000 0.039190 0.000000 0.064068 0.000000 
36 0.759354 0.000000 0.940759 0.000000 0.020555 0.000000 0.028497 0.000000 0.026023 0.000000 0.039899 0.000000 0.061107 0.000000 
37 0.811401 0.000000 0.972782 0.000000 0.020668 0.000000 0.034846 0.000000 0.026553 0.000000 0.040223 0.000000 0.058647 0.000000 
38 0.860252 0.000000 0.993308 0.000000 0.019389 0.000000 0.041474 0.000000 0.026068 0.000000 0.040341 0.000000 0.056832 0.000000 
39 0.904233 0.000000 1.000000 0.000000 0.017557 0.000000 0.047726 0.000000 0.024957 0.000000 0.040455 0.000000 0.055038 0.000000 
40 0.942028 0.000000 0.991062 0.000000 0.015313 0.000000 0.053140 0.000000 0.022748 0.000000 0.040949 0.000000 0.054874 0.000000 
41 0.971951 0.000000 0.965637 0.000000 0.012227 0.000000 0.057131 0.000000 0.020840 0.000000 0.041247 0.000000 0.053733 0.000000 
42 0.991929 0.000000 0.923676 0.000000 0.010863 0.000000 0.059342 0.000000 0.018210 0.000000 0.042438 0.000000 0.052484 0.000000 
43 1.000000 0.000000 0.865384 0.000000 0.008996 0.000000 0.059266 0.000000 0.016241 0.000000 0.043905 0.000000 0.051126 0.000000 
44 0.994184 0.000000 0.792484 0.000000 0.007900 0.000000 0.056845 0.000000 0.015490 0.000000 0.046124 0.000000 0.049338 0.000000 
45 0.972529 0.000000 0.707717 0.000000 0.006521 0.000000 0.052095 0.000000 0.017635 0.000000 0.048564 0.000000 0.046443 0.000000 
46 0.933926 0.000000 0.614901 0.000000 0.006259 0.000000 0.045190 0.000000 0.020493 0.000000 0.051874 0.000000 0.042056 0.000000 
47 0.878185 0.000000 0.518911 0.000000 0.006276 0.000000 0.036331 0.000000 0.024744 0.000000 0.055962 0.000000 0.038502 0.000000 
48 0.806754 0.000000 0.424394 0.000000 0.006536 0.000000 0.026315 0.000000 0.032326 0.000000 0.059894 0.000000 0.034718 0.000000 
49 0.721871 0.000000 0.335428 0.000000 0.007006 0.000000 0.016333 0.000000 0.043178 0.000000 0.064320 0.000000 0.032326 0.000000 
50 0.627355 0.000000 0.255068 0.000000 0.008224 0.000000 0.007477 0.000000 0.056071 0.000000 0.068550 0.000000 0.030366 0.000000 
51 0.527732 0.000000 0.185947 0.000000 0.010569 0.000000 0.001385 0.000000 0.074549 0.000000 0.071927 0.000000 0.029173 0.000000 
52 0.428553 0.000000 0.129107 0.000000 0.012389 0.000000 0.000000 0.000000 0.097709 0.000000 0.075270 0.000000 0.029742 0.000000 
53 0.334733 0.000000 0.084381 0.000000 0.014458 0.000000 0.004806 0.000000 0.123988 0.000000 0.078293 0.000000 0.033232 0.000000 
54 0.251047 0.000000 0.050731 0.000000 0.017057 0.000000 0.017315 0.000000 0.159654 0.000000 0.081279 0.000000 0.039541 0.000000 
55 0.180891 0.000000 0.027112 0.000000 0.020026 0.000000 0.038591 0.000000 0.200256 0.000000 0.084095 0.000000 0.051705 0.000000 
56 0.126290 0.000000 0.011938 0.000000 0.023658 0.000000 0.068656 0.000000 0.246776 0.000000 0.086711 0.000000 0.069367 0.000000 
57 0.087238 0.000000 0.003282 0.000000 0.027861 0.000000 0.107232 0.000000 0.295148 0.000000 0.089255 0.000000 0.092368 0.000000 
58 0.062381 0.000000 0.000000 0.000000 0.032109 0.000000 0.152260 0.000000 0.342174 0.000000 0.091318 0.000000 0.120027 0.000000 
59 0.048913 0.000000 0.000212 0.000000 0.037781 0.000000 0.201099 0.000000 0.383185 0.000000 0.093020 0.000000 0.149693 0.000000 
60 0.043773 0.000000 0.002930 0.000000 0.043580 0.000000 0.250261 0.000000 0.412210 0.000000 0.093692 0.000000 0.177402 0.000000 
61 0.043829 0.000000 0.007392 0.000000 0.050086 0.000000 0.295744 0.000000 0.428554 0.000000 0.093659 0.000000 0.199388 0.000000 
62 0.046313 0.000000 0.012378 0.000000 0.056831 0.000000 0.334109 0.000000 0.430441 0.000000 0.092117 0.000000 0.214265 0.000000 
63 0.048889 0.000000 0.017982 0.000000 0.061875 0.000000 0.363480 0.000000 0.417654 0.000000 0.088694 0.000000 0.220924 0.000000 
64 0.050218 0.000000 0.023545 0.000000 0.065497 0.000000 0.383777 0.000000 0.389307 0.000000 0.083420 0.000000 0.221962 0.000000 
65 0.049918 0.000000 0.028864 0.000000 0.067156 0.000000 0.395901 0.000000 0.349946 0.000000 0.077117 0.000000 0.217876 0.000000 
66 0.048185 0.000000 0.033547 0.000000 0.066926 0.000000 0.401585 0.000000 0.303645 0.000000 0.069125 0.000000 0.210499 0.000000 
67 0.045366 0.000000 0.037014 0.000000 0.064830 0.000000 0.403024 0.000000 0.254917 0.000000 0.060884 0.000000 0.201565 0.000000 
68 0.042009 0.000000 0.038586 0.000000 0.061324 0.000000 0.401991 0.000000 0.207170 0.000000 0.052759 0.000000 0.192648 0.000000 
69 0.038146 0.000000 0.038673 0.000000 0.054785 0.000000 0.400479 0.000000 0.163750 0.000000 0.045009 0.000000 0.184865 0.000000 
70 0.034309 0.000000 0.037042 0.000000 0.049039 0.000000 0.399522 0.000000 0.125760 0.000000 0.038075 0.000000 0.179126 0.000000 
71 0.030881 0.000000 0.034785 0.000000 0.041899 0.000000 0.399687 0.000000 0.094623 0.000000 0.032282 0.000000 0.174333 0.000000 
72 0.027840 0.000000 0.032699 0.000000 0.036257 0.000000 0.400526 0.000000 0.069798 0.000000 0.027066 0.000000 0.169372 0.000000 
73 0.025239 0.000000 0.031246 0.000000 0.031889 0.000000 0.400896 0.000000 0.051125 0.000000 0.021634 0.000000 0.163129 0.000000 
74 0.022836 0.000000 0.031010 0.000000 0.029887 0.000000 0.399777 0.000000 0.036867 0.000000 0.017259 0.000000 0.153958 0.000000 
75 0.020346 0.000000 0.032370 0.000000 0.031745 0.000000 0.396069 0.000000 0.025795 0.000000 0.012589 0.000000 0.143173 0.000000 
76 0.017885 0.000000 0.035209 0.000000 0.036949 0.000000 0.389840 0.000000 0.018540 0.000000 0.008580 0.000000 0.128558 0.000000 
77 0.015521 0.000000 0.039881 0.000000 0.047640 0.000000 0.381628 0.000000 0.012162 0.000000 0.004956 0.000000 0.111520 0.000000 
78 0.013444 0.000000 0.045391 0.000000 0.066465 0.000000 0.372393 0.000000 0.006732 0.000000 0.001788 0.000000 0.092414 0.000000 
79 0.011079 0.000000 0.051025 0.000000 0.093728 0.000000 0.362637 0.000000 0.003480 0.000000 0.000000 0.000000 0.072810 0.000000 
80 0.008245 0.000000 0.055762 0.000000 0.132766 0.000000 0.352524 0.000000 0.001436 0.000000 0.000304 0.000000 0.053386 0.000000 
81 0.005123 0.000000 0.058335 0.000000 0.185163 0.000000 0.343048 0.000000 0.000000 0.000000 0.003063 0.000000 0.035849 0.000000 
82 0.002321 0.000000 0.058313 0.000000 0.252877 0.000000 0.335415 0.000000 0.000875 0.000000 0.010238 0.000000 0.021504 0.000000 
83 0.000310 0.000000 0.056274 0.000000 0.334429 0.000000 0.331092 0.000000 0.004549 0.000000 0.023548 0.000000 0.010081 0.000000 
84 0.000000 0.000000 0.052864 0.000000 0.427785 0.000000 0.331519 0.000000 0.010684 0.000000 0.045074 0.000000 0.003226 0.000000 
85 0.001819 0.000000 0.049445 0.000000 0.527413 0.000000 0.337939 0.000000 0.021379 0.000000 0.075633 0.000000 0.000000 0.000000 
86 0.006417 0.000000 0.047364 0.000000 0.628831 0.000000 0.351829 0.000000 0.037985 0.000000 0.116974 0.000000 0.003696 0.000000 
87 0.013844 0.000000 0.047327 0.000000 0.725708 0.000000 0.374473 0.000000 0.061036 0.000000 0.169880 0.000000 0.013542 0.000000 
88 0.024287 0.000000 0.050077 0.000000 0.815263 0.000000 0.406589 0.000000 0.090649 0.000000 0.234492 0.000000 0.032679 0.000000 
89 0.037360 0.000000 0.055786 0.000000 0.891526 0.000000 0.448969 0.000000 0.127565 0.000000 0.310092 0.000000 0.059817 0.000000 
90 0.052370 0.000000 0.064103 0.000000 0.951927 0.000000 0.501947 0.000000 0.170722 0.000000 0.394278 0.000000 0.096682 0.000000 
91 0.069031 0.000000 0.074652 0.000000 0.988699 0.000000 0.564601 0.000000 0.221344 0.000000 0.483410 0.000000 0.142309 0.000000 
92 0.086455 0.000000 0.086917 0.000000 1.000000 0.000000 0.634686 0.000000 0.277234 0.000000 0.573120 0.000000 0.197099 0.000000 
93 0.103695 0.000000 0.099978 0.000000 0.985328 0.000000 0.708560 0.000000 0.338538 0.000000 0.658531 0.000000 0.258748 0.000000 
94 0.120230 0.000000 0.113634 0.000000 0.946277 0.000000 0.781689 0.000000 0.403681 0.000000 0.736298 0.000000 0.329205 0.000000 
95 0.136093 0.000000 0.126999 0.000000 0.887500 0.000000 0.849193 0.000000 0.471068 0.000000 0.802691 0.000000 0.407486 0.000000 
96 0.151563 0.000000 0.139738 0.000000 0.815051 0.000000 0.905644 0.000000 0.539583 0.000000 0.857296 0.000000 0.492060 0.000000 
97 0.167118 0.000000 0.151903 0.000000 0.736368 0.000000 0.946900 0.000000 0.606954 0.000000 0.900468 0.000000 0.581317 0.000000 
98 0.183049 0.000000 0.162649 0.000000 0.658708 0.000000 0.968988 0.000000 0.671217 0.000000 0.933153 0.000000 0.671873 0.000000 
99 0.199304 0.000000 0.172227 0.000000 0.586302 0.000000 0.969752 0.000000 0.730009 0.000000 0.957429 0.000000 0.759253 0.000000 
100 0.215794 0.000000 0.180704 0.000000 0.524196 0.000000 0.948808 0.000000 0.785393 0.000000 0.974411 0.000000 0.837864 0.000000 
