0 20.423407 2.259939 0.773637 2.893568 -3.164411 3.094945 -17.307666 4.311123 -9.848065 3.322684 8.785233 2.525291 0.000000 0.000000 0.935146 0.076642 0.000000 0.000000 0.0 0.0 0.0 0.0 0.0 0.0 1.064979 0.034148 0.0 0.0 0.0 0.0 0.0 0.0 0.177064 0.025887 0.0 0.0 4.579380 2.448154 0.082589 0.138857 
1 20.735119 2.461343 -0.952141 3.111712 -3.670515 3.203854 -17.426353 4.348473 -11.329700 3.361329 8.398803 2.633974 0.011936 0.000680 0.933947 0.076721 0.113211 0.012081 0.0 0.0 0.0 0.0 0.0 0.0 1.034962 0.037469 0.0 0.0 0.0 0.0 0.0 0.0 0.187726 0.027555 0.0 0.0 4.576449 2.423578 0.116016 0.060722 
2 20.976579 2.653891 -2.807196 3.350409 -4.441328 3.324307 -17.479221 4.369352 -13.027118 3.391430 7.782833 2.806331 0.023728 0.001372 0.932949 0.076549 0.233228 0.023758 0.0 0.0 0.0 0.0 0.0 0.0 0.986655 0.044657 0.0 0.0 0.0 0.0 0.0 0.0 0.195346 0.028457 0.0 0.0 4.620827 2.391310 0.164330 0.081590 
3 21.132776 2.825092 -4.698713 3.594662 -5.366592 3.428092 -17.446050 4.363789 -14.954385 3.416402 6.887309 3.055037 0.035438 0.002040 0.932052 0.076372 0.336053 0.045717 0.0 0.0 0.0 0.0 0.0 0.0 0.918218 0.057674 0.0 0.0 0.0 0.0 0.0 0.0 0.198235 0.028183 0.0 0.0 4.710038 2.349722 0.216113 0.068754 
4 21.197562 2.965450 -6.576704 3.828009 -6.300818 3.491111 -17.300036 4.326460 -17.125206 3.437052 5.659886 3.382357 0.047132 0.002677 0.931417 0.076176 0.428736 0.076092 0.0 0.0 0.0 0.0 0.0 0.0 0.830709 0.076004 0.0 0.0 0.0 0.0 0.0 0.0 0.194886 0.026316 0.0 0.0 4.841444 2.297496 0.247005 0.079336 
5 21.172097 3.072142 -8.433408 4.036686 -7.075836 3.495625 -17.010257 4.260082 -19.546341 3.454459 4.051403 3.781044 0.058875 0.003245 0.931036 0.075946 0.532949 0.099125 0.0 0.0 0.0 0.0 0.0 0.0 0.725543 0.097002 0.0 0.0 0.0 0.0 0.0 0.0 0.184036 0.023485 0.0 0.0 5.014008 2.237883 0.287452 0.058808 
6 21.054130 3.149362 -10.265946 4.214085 -7.551159 3.436406 -16.549384 4.176183 -22.214017 3.469846 2.027579 4.234811 0.070760 0.003749 0.930911 0.075862 0.639059 0.103382 0.0 0.0 0.0 0.0 0.0 0.0 0.608464 0.116027 0.0 0.0 0.0 0.0 0.0 0.0 0.164490 0.022723 0.0 0.0 5.227605 2.175180 0.271355 0.047774 
7 20.830596 3.204222 -12.052688 4.365415 -7.648911 3.321230 -15.895798 4.091736 -25.106433 3.482375 -0.423134 4.710765 0.082858 0.004164 0.930827 0.075700 0.733352 0.091951 0.0 0.0 0.0 0.0 0.0 0.0 0.487417 0.128769 0.0 0.0 0.0 0.0 0.0 0.0 0.137828 0.027013 0.0 0.0 5.482022 2.113899 0.249035 0.043943 
8 20.480935 3.244214 -13.743050 4.502339 -7.364049 3.170305 -15.038131 4.021299 -28.186407 3.487658 -3.274249 5.161430 0.095230 0.004516 0.930943 0.075563 0.811000 0.078376 0.0 0.0 0.0 0.0 0.0 0.0 0.371171 0.131186 0.0 0.0 0.0 0.0 0.0 0.0 0.107572 0.033477 0.0 0.0 5.774387 2.058389 0.207505 0.060039 
9 19.984558 3.276437 -15.268286 4.633443 -6.752873 3.011977 -13.978410 3.970571 -31.402515 3.479466 -6.449842 5.524655 0.107919 0.004839 0.931184 0.075540 0.872641 0.075301 0.0 0.0 0.0 0.0 0.0 0.0 0.268818 0.123421 0.0 0.0 0.0 0.0 0.0 0.0 0.077816 0.036991 0.0 0.0 6.098395 2.012912 0.161557 0.073876 
10 19.331415 3.307584 -16.563282 4.762541 -5.902619 2.870997 -12.726972 3.934553 -34.697576 3.455207 -9.817322 5.729841 0.120919 0.005154 0.931572 0.075487 0.923016 0.081008 0.0 0.0 0.0 0.0 0.0 0.0 0.185367 0.108759 0.0 0.0 0.0 0.0 0.0 0.0 0.052210 0.035583 0.0 0.0 6.440102 1.981283 0.114650 0.072772 
11 18.529277 3.341523 -17.585852 4.884189 -4.908342 2.762201 -11.300141 3.901211 -38.012851 3.413938 -13.188984 5.708555 0.134229 0.005504 0.931999 0.075418 0.965235 0.088334 0.0 0.0 0.0 0.0 0.0 0.0 0.120315 0.091229 0.0 0.0 0.0 0.0 0.0 0.0 0.033052 0.030697 0.0 0.0 6.785072 1.966298 0.077294 0.064794 
12 17.598315 3.381411 -18.322262 4.992418 -3.852510 2.685357 -9.718323 3.859177 -41.296170 3.355434 -16.342881 5.422300 0.147812 0.005897 0.932642 0.075400 1.002877 0.093486 0.0 0.0 0.0 0.0 0.0 0.0 0.073377 0.071476 0.0 0.0 0.0 0.0 0.0 0.0 0.019053 0.025045 0.0 0.0 7.117703 1.968380 0.045271 0.052462 
13 16.568315 3.428098 -18.784937 5.079472 -2.800926 2.631397 -8.004500 3.802187 -44.501324 3.280828 -19.050351 4.887445 0.161635 0.006336 0.933243 0.075261 1.037712 0.096286 0.0 0.0 0.0 0.0 0.0 0.0 0.040798 0.052504 0.0 0.0 0.0 0.0 0.0 0.0 0.011222 0.017957 0.0 0.0 7.426924 1.986807 0.027118 0.039037 
14 15.469927 3.480628 -19.003398 5.140859 -1.800332 2.589033 -6.183791 3.732314 -47.587801 3.190213 -21.115018 4.195942 0.175676 0.006792 0.934085 0.075130 1.066623 0.095723 0.0 0.0 0.0 0.0 0.0 0.0 0.021253 0.036581 0.0 0.0 0.0 0.0 0.0 0.0 0.006625 0.012382 0.0 0.0 7.704596 2.018006 0.017676 0.031630 
15 14.330144 3.535465 -19.015566 5.178932 -0.880921 2.550033 -4.282586 3.656624 -50.514702 3.085683 -22.408465 3.504803 0.189896 0.007242 0.935190 0.075018 1.085865 0.090288 0.0 0.0 0.0 0.0 0.0 0.0 0.011273 0.022497 0.0 0.0 0.0 0.0 0.0 0.0 0.003573 0.007736 0.0 0.0 7.946068 2.057729 0.008989 0.018659 
16 13.171737 3.587539 -18.861256 5.195722 -0.059229 2.510486 -2.327929 3.584735 -53.235335 2.974286 -22.897500 2.978226 0.204257 0.007659 0.936356 0.074859 1.093531 0.081281 0.0 0.0 0.0 0.0 0.0 0.0 0.005208 0.011909 0.0 0.0 0.0 0.0 0.0 0.0 0.001844 0.004092 0.0 0.0 8.148204 2.097525 0.004974 0.011100 
17 12.007193 3.632041 -18.576465 5.195881 0.659739 2.468641 -0.349217 3.523016 -55.696433 2.870566 -22.645958 2.690150 0.218744 0.008042 0.937836 0.074752 1.089235 0.069940 0.0 0.0 0.0 0.0 0.0 0.0 0.002192 0.005370 0.0 0.0 0.0 0.0 0.0 0.0 0.000746 0.001827 0.0 0.0 8.311786 2.134988 0.002056 0.005038 
18 10.845582 3.670723 -18.193665 5.179429 1.280653 2.423086 1.621697 3.476389 -57.842796 2.800992 -21.801843 2.576433 0.233306 0.008367 0.939427 0.074581 1.073745 0.057902 0.0 0.0 0.0 0.0 0.0 0.0 0.001018 0.002494 0.0 0.0 0.0 0.0 0.0 0.0 0.000340 0.000832 0.0 0.0 8.437520 2.167644 0.000973 0.002383 
19 9.685146 3.705444 -17.738493 5.145910 1.814918 2.372184 3.551930 3.446815 -59.625436 2.797638 -20.555878 2.519008 0.247925 0.008656 0.941226 0.074526 1.048946 0.047413 0.0 0.0 0.0 0.0 0.0 0.0 0.000344 0.000842 0.0 0.0 0.0 0.0 0.0 0.0 0.000024 0.000060 0.0 0.0 8.531571 2.195910 0.000132 0.000323 
20 8.520288 3.740340 -17.229183 5.095258 2.277404 2.313905 5.413104 3.436281 -60.993796 2.864055 -19.100256 2.454418 0.262578 0.008902 0.943130 0.074438 1.017741 0.041842 0.0 0.0 0.0 0.0 0.0 0.0 0.000130 0.000319 0.0 0.0 0.0 0.0 0.0 0.0 0.000025 0.000062 0.0 0.0 8.602027 2.219084 0.000091 0.000223 
21 7.340544 3.774087 -16.677120 5.029013 2.683046 2.246618 7.181882 3.442024 -61.938919 3.004302 -17.593781 2.378089 0.277243 0.009126 0.945119 0.074395 0.981814 0.040448 0.0 0.0 0.0 0.0 0.0 0.0 0.000000 0.000000 0.0 0.0 0.0 0.0 0.0 0.0 0.000000 0.000000 0.0 0.0 8.658285 2.233382 0.000000 0.000000 
22 6.137708 3.800394 -16.086855 4.947508 3.044914 2.169358 8.840397 3.456922 -62.448265 3.188570 -16.142311 2.303247 0.291903 0.009312 0.947125 0.074359 0.943789 0.039992 0.0 0.0 0.0 0.0 0.0 0.0 0.000000 0.000000 0.0 0.0 0.0 0.0 0.0 0.0 0.000000 0.000000 0.0 0.0 8.709125 2.233749 0.000000 0.000000 
23 4.907654 3.810747 -15.460179 4.850817 3.373009 2.081770 10.380905 3.473267 -62.538640 3.397949 -14.798245 2.235052 0.306568 0.009483 0.949157 0.074261 0.906308 0.038623 0.0 0.0 0.0 0.0 0.0 0.0 0.000000 0.000000 0.0 0.0 0.0 0.0 0.0 0.0 0.000000 0.000000 0.0 0.0 8.760075 2.215522 0.000000 0.000000 
24 3.653692 3.798389 -14.798684 4.737953 3.674290 1.984958 11.802146 3.483492 -62.216599 3.604989 -13.570432 2.168595 0.321208 0.009626 0.951072 0.074149 0.872225 0.035938 0.0 0.0 0.0 0.0 0.0 0.0 0.000000 0.000000 0.0 0.0 0.0 0.0 0.0 0.0 0.000000 0.000000 0.0 0.0 8.810748 2.176471 0.000000 0.000000 
25 2.385251 3.764162 -14.107796 4.610227 3.952797 1.880980 13.107170 3.484637 -61.510919 3.806241 -12.443044 2.098537 0.335849 0.009752 0.952911 0.073995 0.842837 0.032648 0.0 0.0 0.0 0.0 0.0 0.0 0.000000 0.000000 0.0 0.0 0.0 0.0 0.0 0.0 0.000000 0.000000 0.0 0.0 8.857834 2.120400 0.000000 0.000000 
26 1.117703 3.717175 -13.394678 4.471875 4.213056 1.773947 14.302118 3.477453 -60.440843 3.996364 -11.394957 2.026599 0.350436 0.009859 0.954552 0.073881 0.819437 0.029487 0.0 0.0 0.0 0.0 0.0 0.0 0.000000 0.000000 0.0 0.0 0.0 0.0 0.0 0.0 0.000000 0.000000 0.0 0.0 8.894287 2.054597 0.000000 0.000000 
27 -0.133517 3.672383 -12.668721 4.330569 4.457797 1.668200 15.389134 3.464987 -59.028749 4.176510 -10.411245 1.952882 0.364970 0.009947 0.956098 0.073799 0.802241 0.027623 0.0 0.0 0.0 0.0 0.0 0.0 0.000000 0.000000 0.0 0.0 0.0 0.0 0.0 0.0 0.000000 0.000000 0.0 0.0 8.911083 1.991340 0.000000 0.000000 
28 -1.355473 3.647519 -11.938563 4.194559 4.689712 1.568816 16.370393 3.451553 -57.287459 4.344086 -9.487582 1.874962 0.379432 0.010022 0.957340 0.073610 0.790688 0.027840 0.0 0.0 0.0 0.0 0.0 0.0 0.000000 0.000000 0.0 0.0 0.0 0.0 0.0 0.0 0.000000 0.000000 0.0 0.0 8.902881 1.941991 0.000000 0.000000 
29 -2.539944 3.656062 -11.213322 4.070459 4.911956 1.480011 17.246817 3.435576 -55.223122 4.484008 -8.630118 1.791231 0.393828 0.010091 0.958363 0.073541 0.784082 0.029686 0.0 0.0 0.0 0.0 0.0 0.0 0.000000 0.000000 0.0 0.0 0.0 0.0 0.0 0.0 0.000000 0.000000 0.0 0.0 8.867515 1.914084 0.000000 0.000000 
30 -3.683194 3.701722 -10.500533 3.959795 5.126492 1.403455 18.019884 3.412561 -52.858153 4.606826 -7.846908 1.706077 0.408163 0.010169 0.959088 0.073441 0.781778 0.031580 0.0 0.0 0.0 0.0 0.0 0.0 0.000000 0.000000 0.0 0.0 0.0 0.0 0.0 0.0 0.000000 0.000000 0.0 0.0 8.805292 1.911281 0.000000 0.000000 
31 -4.785380 3.779234 -9.807658 3.859606 5.337161 1.341502 18.688503 3.375104 -50.196903 4.699607 -7.146694 1.631103 0.422445 0.010254 0.959694 0.073256 0.782510 0.032645 0.0 0.0 0.0 0.0 0.0 0.0 0.000000 0.000000 0.0 0.0 0.0 0.0 0.0 0.0 0.000000 0.000000 0.0 0.0 8.719872 1.932070 0.000000 0.000000 
32 -5.846449 3.874096 -9.140504 3.763207 5.547748 1.294578 19.254816 3.320169 -47.250640 4.761582 -6.533356 1.586804 0.436665 0.010360 0.959965 0.073109 0.786747 0.032292 0.0 0.0 0.0 0.0 0.0 0.0 0.000000 0.000000 0.0 0.0 0.0 0.0 0.0 0.0 0.000000 0.000000 0.0 0.0 8.612181 1.969303 0.000000 0.000000 
33 -6.866233 3.969635 -8.505749 3.664640 5.764423 1.266087 19.717734 3.248289 -44.028346 4.789440 -6.004833 1.591774 0.450839 0.010492 0.959983 0.073102 0.793611 0.031192 0.0 0.0 0.0 0.0 0.0 0.0 0.000000 0.000000 0.0 0.0 0.0 0.0 0.0 0.0 0.000000 0.000000 0.0 0.0 8.485150 2.016816 0.000000 0.000000 
34 -7.844776 4.052254 -7.907049 3.558801 5.991088 1.259753 20.077940 3.162424 -40.542453 4.781429 -5.552359 1.655457 0.464945 0.010650 0.959698 0.073042 0.802973 0.029254 0.0 0.0 0.0 0.0 0.0 0.0 0.000000 0.000000 0.0 0.0 0.0 0.0 0.0 0.0 0.000000 0.000000 0.0 0.0 8.338392 2.067302 0.000000 0.000000 
35 -8.780262 4.114836 -7.348802 3.444620 6.231743 1.281722 20.340837 3.066846 -36.810203 4.733104 -5.165765 1.773540 0.478960 0.010829 0.959181 0.073070 0.815121 0.026591 0.0 0.0 0.0 0.0 0.0 0.0 0.000000 0.000000 0.0 0.0 0.0 0.0 0.0 0.0 0.000000 0.000000 0.0 0.0 8.170624 2.117115 0.000000 0.000000 
36 -9.668767 4.157127 -6.835214 3.325320 6.485493 1.332909 20.512889 2.962169 -32.852964 4.642920 -4.836839 1.934939 0.492880 0.011043 0.958441 0.073026 0.829592 0.023166 0.0 0.0 0.0 0.0 0.0 0.0 0.000000 0.000000 0.0 0.0 0.0 0.0 0.0 0.0 0.000000 0.000000 0.0 0.0 7.979761 2.165059 0.000000 0.000000 
37 -10.509109 4.181234 -6.368178 3.205079 6.750421 1.411038 20.602296 2.851676 -28.700777 4.508449 -4.557483 2.122436 0.506668 0.011253 0.957451 0.073056 0.846604 0.019427 0.0 0.0 0.0 0.0 0.0 0.0 0.000000 0.000000 0.0 0.0 0.0 0.0 0.0 0.0 0.000000 0.000000 0.0 0.0 7.764134 2.210989 0.000000 0.000000 
38 -11.302804 4.193982 -5.951110 3.091121 7.021623 1.510651 20.612963 2.738747 -24.398222 4.327431 -4.319638 2.314948 0.520314 0.011467 0.956218 0.073125 0.866032 0.016404 0.0 0.0 0.0 0.0 0.0 0.0 0.000000 0.000000 0.0 0.0 0.0 0.0 0.0 0.0 0.000000 0.000000 0.0 0.0 7.524770 2.255842 0.000000 0.000000 
39 -12.054546 4.200208 -5.590753 2.991423 7.293190 1.624420 20.550187 2.627020 -20.011405 4.097864 -4.115985 2.489206 0.533813 0.011693 0.954803 0.073250 0.887635 0.015544 0.0 0.0 0.0 0.0 0.0 0.0 0.000000 0.000000 0.0 0.0 0.0 0.0 0.0 0.0 0.000000 0.000000 0.0 0.0 7.267394 2.301147 0.000000 0.000000 
40 -12.769210 4.205552 -5.295459 2.912011 7.561542 1.746313 20.419283 2.511973 -15.633491 3.816767 -3.940569 2.625684 0.547140 0.011913 0.953211 0.073409 0.911596 0.017165 0.0 0.0 0.0 0.0 0.0 0.0 0.000000 0.000000 0.0 0.0 0.0 0.0 0.0 0.0 0.000000 0.000000 0.0 0.0 6.999038 2.348629 0.000000 0.000000 
41 -13.448507 4.212798 -5.080833 2.859297 7.821635 1.869905 20.232804 2.387637 -11.387603 3.487087 -3.788696 2.715488 0.560334 0.012167 0.951422 0.073599 0.937946 0.020915 0.0 0.0 0.0 0.0 0.0 0.0 0.000000 0.000000 0.0 0.0 0.0 0.0 0.0 0.0 0.000000 0.000000 0.0 0.0 6.727689 2.400396 0.000000 0.000000 
42 -14.093042 4.220829 -4.965797 2.836902 8.072973 1.989827 20.013119 2.250231 -7.423055 3.122872 -3.651983 2.760546 0.573360 0.012435 0.949366 0.073796 0.965664 0.025288 0.0 0.0 0.0 0.0 0.0 0.0 0.000000 0.000000 0.0 0.0 0.0 0.0 0.0 0.0 0.000000 0.000000 0.0 0.0 6.461001 2.455950 0.000000 0.000000 
43 -14.699060 4.226222 -4.972789 2.848076 8.310958 2.101348 19.792771 2.102626 -3.910459 2.763889 -3.517668 2.774487 0.586246 0.012750 0.947303 0.073901 0.993655 0.029042 0.0 0.0 0.0 0.0 0.0 0.0 0.000000 0.000000 0.0 0.0 0.0 0.0 0.0 0.0 0.000000 0.000000 0.0 0.0 6.204361 2.511243 0.000000 0.000000 
44 -15.259585 4.226134 -5.123282 2.891256 8.533646 2.199676 19.614099 1.963697 -1.016650 2.478393 -3.374037 2.778557 0.598971 0.013082 0.944948 0.074016 1.019611 0.030894 0.0 0.0 0.0 0.0 0.0 0.0 0.000000 0.000000 0.0 0.0 0.0 0.0 0.0 0.0 0.000000 0.000000 0.0 0.0 5.961288 2.562292 0.000000 0.000000 
45 -15.765877 4.222773 -5.437540 2.960848 8.733153 2.280922 19.515526 1.860333 1.118255 2.343899 -3.216983 2.793440 0.611545 0.013455 0.942748 0.074095 1.042723 0.031642 0.0 0.0 0.0 0.0 0.0 0.0 0.000000 0.000000 0.0 0.0 0.0 0.0 0.0 0.0 0.000000 0.000000 0.0 0.0 5.735258 2.607709 0.000000 0.000000 
46 -16.210389 4.218887 -5.931253 3.045451 8.898246 2.343665 19.525440 1.819326 2.410014 2.390923 -3.061809 2.832145 0.623959 0.013838 0.940550 0.074105 1.061844 0.031847 0.0 0.0 0.0 0.0 0.0 0.0 0.000000 0.000000 0.0 0.0 0.0 0.0 0.0 0.0 0.000000 0.000000 0.0 0.0 5.525369 2.644554 0.000000 0.000000 
47 -16.585665 4.222536 -6.615228 3.132070 9.012871 2.388685 19.649584 1.854332 2.852878 2.570404 -2.949309 2.899497 0.636222 0.014245 0.938484 0.074068 1.075395 0.031619 0.0 0.0 0.0 0.0 0.0 0.0 0.000000 0.000000 0.0 0.0 0.0 0.0 0.0 0.0 0.000000 0.000000 0.0 0.0 5.335169 2.675565 0.000000 0.000000 
48 -16.890470 4.239279 -7.494847 3.209230 9.052775 2.423414 19.869157 1.959630 2.519809 2.800763 -2.939750 2.994752 0.648331 0.014646 0.936623 0.073988 1.082163 0.031818 0.0 0.0 0.0 0.0 0.0 0.0 0.000000 0.000000 0.0 0.0 0.0 0.0 0.0 0.0 0.000000 0.000000 0.0 0.0 5.167971 2.701563 0.000000 0.000000 
49 -17.129188 4.270918 -8.571265 3.272907 8.989228 2.462627 20.148875 2.117625 1.552959 3.026358 -3.100110 3.116205 0.660298 0.015055 0.934954 0.073864 1.079693 0.032527 0.0 0.0 0.0 0.0 0.0 0.0 0.000004 0.000002 0.0 0.0 0.0 0.0 0.0 0.0 0.000003 0.000002 0.0 0.0 5.033189 2.723799 0.000004 0.000003 
50 -17.307666 4.311123 -9.848065 3.322684 8.785233 2.525291 20.441980 2.305173 0.129607 3.228928 -3.478011 3.257048 0.672138 0.015458 0.933428 0.073667 1.064981 0.034148 0.0 0.0 0.0 0.0 0.0 0.0 0.000000 0.000000 0.0 0.0 0.0 0.0 0.0 0.0 0.000000 0.000000 0.0 0.0 4.941715 2.739141 0.000000 0.000000 
51 -17.426353 4.348473 -11.329700 3.361329 8.398803 2.633974 20.735119 2.461343 -0.952141 3.111712 -3.670515 3.203854 0.683896 0.015865 0.932241 0.073436 1.034962 0.037469 0.0 0.0 0.0 0.0 0.0 0.0 0.113211 0.012081 0.0 0.0 0.0 0.0 0.0 0.0 0.041114 0.018140 0.0 0.0 4.905559 2.742991 0.049630 0.033157 
52 -17.479221 4.369352 -13.027118 3.391430 7.782833 2.806331 20.976579 2.653891 -2.807196 3.350409 -4.441328 3.324307 0.695607 0.016258 0.931159 0.073192 0.986655 0.044657 0.0 0.0 0.0 0.0 0.0 0.0 0.233228 0.023758 0.0 0.0 0.0 0.0 0.0 0.0 0.045887 0.025229 0.0 0.0 4.934796 2.733217 0.036744 0.053970 
53 -17.446050 4.363789 -14.954385 3.416402 6.887309 3.055037 21.132776 2.825092 -4.698713 3.594662 -5.366592 3.428092 0.707332 0.016653 0.930264 0.072815 0.918218 0.057674 0.0 0.0 0.0 0.0 0.0 0.0 0.336053 0.045717 0.0 0.0 0.0 0.0 0.0 0.0 0.013372 0.025986 0.0 0.0 5.033493 2.709650 -0.022013 0.068206 
54 -17.300036 4.326460 -17.125206 3.437052 5.659886 3.382357 21.197562 2.965450 -6.576704 3.828009 -6.300818 3.491111 0.719133 0.017017 0.929712 0.072516 0.830709 0.076004 0.0 0.0 0.0 0.0 0.0 0.0 0.428736 0.076092 0.0 0.0 0.0 0.0 0.0 0.0 -0.030394 0.027076 0.0 0.0 5.200895 2.676892 -0.097617 0.069408 
55 -17.010257 4.260082 -19.546341 3.454459 4.051403 3.781044 21.172097 3.072142 -8.433408 4.036686 -7.075836 3.495625 0.731086 0.017369 0.929310 0.072269 0.725543 0.097002 0.0 0.0 0.0 0.0 0.0 0.0 0.532949 0.099125 0.0 0.0 0.0 0.0 0.0 0.0 -0.064770 0.032410 0.0 0.0 5.430457 2.640162 -0.153705 0.096465 
56 -16.549384 4.176183 -22.214017 3.469846 2.027579 4.234811 21.054130 3.149362 -10.265946 4.214085 -7.551159 3.436406 0.743239 0.017692 0.929153 0.072103 0.608464 0.116027 0.0 0.0 0.0 0.0 0.0 0.0 0.639059 0.103382 0.0 0.0 0.0 0.0 0.0 0.0 -0.091743 0.035802 0.0 0.0 5.710495 2.606626 -0.201473 0.104221 
57 -15.895798 4.091736 -25.106433 3.482375 -0.423134 4.710765 20.830596 3.204222 -12.052688 4.365415 -7.648911 3.321230 0.755654 0.017986 0.929213 0.071973 0.487417 0.128769 0.0 0.0 0.0 0.0 0.0 0.0 0.733352 0.091951 0.0 0.0 0.0 0.0 0.0 0.0 -0.115530 0.034991 0.0 0.0 6.026913 2.581920 -0.227366 0.096099 
58 -15.038131 4.021299 -28.186407 3.487658 -3.274249 5.161430 20.480935 3.244214 -13.743050 4.502339 -7.364049 3.170305 0.768342 0.018266 0.929336 0.071896 0.371171 0.131186 0.0 0.0 0.0 0.0 0.0 0.0 0.811000 0.078376 0.0 0.0 0.0 0.0 0.0 0.0 -0.139081 0.033360 0.0 0.0 6.363556 2.568162 -0.265805 0.104702 
59 -13.978410 3.970571 -31.402515 3.479466 -6.449842 5.524655 19.984558 3.276437 -15.268286 4.633443 -6.752873 3.011977 0.781318 0.018557 0.929638 0.071890 0.268818 0.123421 0.0 0.0 0.0 0.0 0.0 0.0 0.872641 0.075301 0.0 0.0 0.0 0.0 0.0 0.0 -0.160144 0.033761 0.0 0.0 6.704512 2.562148 -0.293322 0.105988 
60 -12.726972 3.934553 -34.697576 3.455207 -9.817322 5.729841 19.331415 3.307584 -16.563282 4.762541 -5.902619 2.870997 0.794575 0.018869 0.930050 0.071927 0.185367 0.108759 0.0 0.0 0.0 0.0 0.0 0.0 0.923016 0.081008 0.0 0.0 0.0 0.0 0.0 0.0 -0.174237 0.033934 0.0 0.0 7.034926 2.557320 -0.298400 0.100015 
61 -11.300141 3.901211 -38.012851 3.413938 -13.188984 5.708555 18.529277 3.341523 -17.585852 4.884189 -4.908342 2.762201 0.808090 0.019232 0.930574 0.071994 0.120315 0.091229 0.0 0.0 0.0 0.0 0.0 0.0 0.965235 0.088334 0.0 0.0 0.0 0.0 0.0 0.0 -0.179548 0.032931 0.0 0.0 7.342346 2.547583 -0.295614 0.093033 
62 -9.718323 3.859177 -41.296170 3.355434 -16.342881 5.422300 17.598315 3.381411 -18.322262 4.992418 -3.852510 2.685357 0.821836 0.019627 0.931166 0.072020 0.073377 0.071476 0.0 0.0 0.0 0.0 0.0 0.0 1.002877 0.093486 0.0 0.0 0.0 0.0 0.0 0.0 -0.177866 0.031543 0.0 0.0 7.618479 2.531098 -0.264855 0.086357 
63 -8.004500 3.802187 -44.501324 3.280828 -19.050351 4.887445 16.568315 3.428098 -18.784937 5.079472 -2.800926 2.631397 0.835786 0.020078 0.931934 0.072062 0.040798 0.052504 0.0 0.0 0.0 0.0 0.0 0.0 1.037712 0.096286 0.0 0.0 0.0 0.0 0.0 0.0 -0.172291 0.030505 0.0 0.0 7.858458 2.510596 -0.209876 0.078779 
64 -6.183791 3.732314 -47.587801 3.190213 -21.115018 4.195942 15.469927 3.480628 -19.003398 5.140859 -1.800332 2.589033 0.849914 0.020557 0.932813 0.072060 0.021253 0.036581 0.0 0.0 0.0 0.0 0.0 0.0 1.066623 0.095723 0.0 0.0 0.0 0.0 0.0 0.0 -0.164540 0.030075 0.0 0.0 8.063152 2.493507 -0.160541 0.055086 
65 -4.282586 3.656624 -50.514702 3.085683 -22.408465 3.504803 14.330144 3.535465 -19.015566 5.178932 -0.880921 2.550033 0.864203 0.021062 0.933949 0.072128 0.011273 0.022497 0.0 0.0 0.0 0.0 0.0 0.0 1.085865 0.090288 0.0 0.0 0.0 0.0 0.0 0.0 -0.155317 0.030013 0.0 0.0 8.233399 2.488388 -0.105317 0.059587 
66 -2.327929 3.584735 -53.235335 2.974286 -22.897500 2.978226 13.171737 3.587539 -18.861256 5.195722 -0.059229 2.510486 0.878634 0.021588 0.935186 0.072164 0.005208 0.011909 0.0 0.0 0.0 0.0 0.0 0.0 1.093531 0.081281 0.0 0.0 0.0 0.0 0.0 0.0 -0.144600 0.029992 0.0 0.0 8.372855 2.502697 -0.049754 0.047319 
67 -0.349217 3.523016 -55.696433 2.870566 -22.645958 2.690150 12.007193 3.632041 -18.576465 5.195881 0.659739 2.468641 0.893173 0.022115 0.936666 0.072192 0.002192 0.005370 0.0 0.0 0.0 0.0 0.0 0.0 1.089235 0.069940 0.0 0.0 0.0 0.0 0.0 0.0 -0.132769 0.029772 0.0 0.0 8.483493 2.536987 0.018936 0.042721 
68 1.621697 3.476389 -57.842796 2.800992 -21.801843 2.576433 10.845582 3.670723 -18.193665 5.179429 1.280653 2.423086 0.907809 0.022661 0.938366 0.072269 0.001018 0.002494 0.0 0.0 0.0 0.0 0.0 0.0 1.073745 0.057902 0.0 0.0 0.0 0.0 0.0 0.0 -0.120887 0.029130 0.0 0.0 8.569386 2.586519 0.047726 0.040816 
69 3.551930 3.446815 -59.625436 2.797638 -20.555878 2.519008 9.685146 3.705444 -17.738493 5.145910 1.814918 2.372184 0.922518 0.023190 0.940178 0.072353 0.000344 0.000842 0.0 0.0 0.0 0.0 0.0 0.0 1.048946 0.047413 0.0 0.0 0.0 0.0 0.0 0.0 -0.109317 0.028230 0.0 0.0 8.634996 2.641500 0.075106 0.053924 
70 5.413104 3.436281 -60.993796 2.864055 -19.100256 2.454418 8.520288 3.740340 -17.229183 5.095258 2.277404 2.313905 0.937285 0.023730 0.942115 0.072442 0.000130 0.000319 0.0 0.0 0.0 0.0 0.0 0.0 1.017741 0.041842 0.0 0.0 0.0 0.0 0.0 0.0 -0.098191 0.027076 0.0 0.0 8.682394 2.692682 0.105837 0.053097 
71 7.181882 3.442024 -61.938919 3.004302 -17.593781 2.378089 7.340544 3.774087 -16.677120 5.029013 2.683046 2.246618 0.952098 0.024247 0.944064 0.072533 0.000000 0.000000 0.0 0.0 0.0 0.0 0.0 0.0 0.981814 0.040448 0.0 0.0 0.0 0.0 0.0 0.0 -0.087395 0.025773 0.0 0.0 8.716554 2.731988 0.115563 0.074574 
72 8.840397 3.456922 -62.448265 3.188570 -16.142311 2.303247 6.137708 3.800394 -16.086855 4.947508 3.044914 2.169358 0.966953 0.024725 0.946182 0.072688 0.000000 0.000000 0.0 0.0 0.0 0.0 0.0 0.0 0.943789 0.039992 0.0 0.0 0.0 0.0 0.0 0.0 -0.077098 0.024692 0.0 0.0 8.741144 2.752733 0.117271 0.063091 
73 10.380905 3.473267 -62.538640 3.397949 -14.798245 2.235052 4.907654 3.810747 -15.460179 4.850817 3.373009 2.081770 0.981834 0.025162 0.948136 0.072787 0.000000 0.000000 0.0 0.0 0.0 0.0 0.0 0.0 0.906308 0.038623 0.0 0.0 0.0 0.0 0.0 0.0 -0.067441 0.023852 0.0 0.0 8.758739 2.751376 0.109378 0.069656 
74 11.802146 3.483492 -62.216599 3.604989 -13.570432 2.168595 3.653692 3.798389 -14.798684 4.737953 3.674290 1.984958 0.996744 0.025532 0.950091 0.072924 0.000000 0.000000 0.0 0.0 0.0 0.0 0.0 0.0 0.872225 0.035938 0.0 0.0 0.0 0.0 0.0 0.0 -0.058608 0.023128 0.0 0.0 8.770233 2.730624 0.098168 0.069148 
75 13.107170 3.484637 -61.510919 3.806241 -12.443044 2.098537 2.385251 3.764162 -14.107796 4.610227 3.952797 1.880980 1.011645 0.025853 0.951845 0.073018 0.000000 0.000000 0.0 0.0 0.0 0.0 0.0 0.0 0.842837 0.032648 0.0 0.0 0.0 0.0 0.0 0.0 -0.050519 0.022381 0.0 0.0 8.773148 2.695583 0.084222 0.070632 
76 14.302118 3.477453 -60.440843 3.996364 -11.394957 2.026599 1.117703 3.717175 -13.394678 4.471875 4.213056 1.773947 1.026533 0.026125 0.953495 0.073181 0.000000 0.000000 0.0 0.0 0.0 0.0 0.0 0.0 0.819437 0.029487 0.0 0.0 0.0 0.0 0.0 0.0 -0.043134 0.021652 0.0 0.0 8.765134 2.655535 0.073052 0.065040 
77 15.389134 3.464987 -59.028749 4.176510 -10.411245 1.952882 -0.133517 3.672383 -12.668721 4.330569 4.457797 1.668200 1.041376 0.026373 0.954931 0.073373 0.000000 0.000000 0.0 0.0 0.0 0.0 0.0 0.0 0.802241 0.027623 0.0 0.0 0.0 0.0 0.0 0.0 -0.036298 0.021062 0.0 0.0 8.742592 2.619131 0.046155 0.073032 
78 16.370393 3.451553 -57.287459 4.344086 -9.487582 1.874962 -1.355473 3.647519 -11.938563 4.194559 4.689712 1.568816 1.056181 0.026600 0.956170 0.073537 0.000000 0.000000 0.0 0.0 0.0 0.0 0.0 0.0 0.790688 0.027840 0.0 0.0 0.0 0.0 0.0 0.0 -0.029899 0.020714 0.0 0.0 8.705705 2.593238 0.035977 0.066769 
79 17.246817 3.435576 -55.223122 4.484008 -8.630118 1.791231 -2.539944 3.656062 -11.213322 4.070459 4.911956 1.480011 1.070929 0.026835 0.957132 0.073760 0.000000 0.000000 0.0 0.0 0.0 0.0 0.0 0.0 0.784082 0.029686 0.0 0.0 0.0 0.0 0.0 0.0 -0.023863 0.020460 0.0 0.0 8.651871 2.580711 0.010653 0.062913 
80 18.019884 3.412561 -52.858153 4.606826 -7.846908 1.706077 -3.683194 3.701722 -10.500533 3.959795 5.126492 1.403455 1.085623 0.027056 0.957890 0.074030 0.000000 0.000000 0.0 0.0 0.0 0.0 0.0 0.0 0.781778 0.031580 0.0 0.0 0.0 0.0 0.0 0.0 -0.018044 0.020141 0.0 0.0 8.581371 2.580128 0.001696 0.059633 
81 18.688503 3.375104 -50.196903 4.699607 -7.146694 1.631103 -4.785380 3.779234 -9.807658 3.859606 5.337161 1.341502 1.100253 0.027256 0.958371 0.074228 0.000000 0.000000 0.0 0.0 0.0 0.0 0.0 0.0 0.782510 0.032645 0.0 0.0 0.0 0.0 0.0 0.0 -0.012127 0.019784 0.0 0.0 8.494366 2.581642 -0.018515 0.071972 
82 19.254816 3.320169 -47.250640 4.761582 -6.533356 1.586804 -5.846449 3.874096 -9.140504 3.763207 5.547748 1.294578 1.114785 0.027440 0.958725 0.074462 0.000000 0.000000 0.0 0.0 0.0 0.0 0.0 0.0 0.786747 0.032292 0.0 0.0 0.0 0.0 0.0 0.0 -0.006015 0.019361 0.0 0.0 8.388423 2.582320 -0.022148 0.064414 
83 19.717734 3.248289 -44.028346 4.789440 -6.004833 1.591774 -6.866233 3.969635 -8.505749 3.664640 5.764423 1.266087 1.129222 0.027622 0.958748 0.074734 0.000000 0.000000 0.0 0.0 0.0 0.0 0.0 0.0 0.793611 0.031192 0.0 0.0 0.0 0.0 0.0 0.0 0.000338 0.018968 0.0 0.0 8.261418 2.581119 -0.058752 0.052903 
84 20.077940 3.162424 -40.542453 4.781429 -5.552359 1.655457 -7.844776 4.052254 -7.907049 3.558801 5.991088 1.259753 1.143534 0.027810 0.958550 0.074965 0.000000 0.000000 0.0 0.0 0.0 0.0 0.0 0.0 0.802973 0.029254 0.0 0.0 0.0 0.0 0.0 0.0 0.006897 0.018557 0.0 0.0 8.111194 2.574930 -0.036977 0.060831 
85 20.340837 3.066846 -36.810203 4.733104 -5.165765 1.773540 -8.780262 4.114836 -7.348802 3.444620 6.231743 1.281722 1.157698 0.028001 0.958210 0.075317 0.000000 0.000000 0.0 0.0 0.0 0.0 0.0 0.0 0.815121 0.026591 0.0 0.0 0.0 0.0 0.0 0.0 0.013629 0.018089 0.0 0.0 7.934581 2.564851 -0.075402 0.051330 
86 20.512889 2.962169 -32.852964 4.642920 -4.836839 1.934939 -9.668767 4.157127 -6.835214 3.325320 6.485493 1.332909 1.171713 0.028200 0.957556 0.075522 0.000000 0.000000 0.0 0.0 0.0 0.0 0.0 0.0 0.829592 0.023166 0.0 0.0 0.0 0.0 0.0 0.0 0.020813 0.017656 0.0 0.0 7.725778 2.552333 -0.079135 0.051306 
87 20.602296 2.851676 -28.700777 4.508449 -4.557483 2.122436 -10.509109 4.181234 -6.368178 3.205079 6.750421 1.411038 1.185539 0.028408 0.956719 0.075809 0.000000 0.000000 0.0 0.0 0.0 0.0 0.0 0.0 0.846604 0.019427 0.0 0.0 0.0 0.0 0.0 0.0 0.028442 0.017301 0.0 0.0 7.481885 2.540469 -0.079502 0.054920 
88 20.612963 2.738747 -24.398222 4.327431 -4.319638 2.314948 -11.302804 4.193982 -5.951110 3.091121 7.021623 1.510651 1.199176 0.028597 0.955704 0.076074 0.000000 0.000000 0.0 0.0 0.0 0.0 0.0 0.0 0.866032 0.016404 0.0 0.0 0.0 0.0 0.0 0.0 0.036493 0.016992 0.0 0.0 7.204130 2.532533 -0.108172 0.047708 
89 20.550187 2.627020 -20.011405 4.097864 -4.115985 2.489206 -12.054546 4.200208 -5.590753 2.991423 7.293190 1.624420 1.212620 0.028776 0.954474 0.076397 0.000000 0.000000 0.0 0.0 0.0 0.0 0.0 0.0 0.887635 0.015544 0.0 0.0 0.0 0.0 0.0 0.0 0.045307 0.016829 0.0 0.0 6.899008 2.531951 -0.107378 0.049673 
90 20.419283 2.511973 -15.633491 3.816767 -3.940569 2.625684 -12.769210 4.205552 -5.295459 2.912011 7.561542 1.746313 1.225884 0.028921 0.952996 0.076656 0.000000 0.000000 0.0 0.0 0.0 0.0 0.0 0.0 0.911596 0.017165 0.0 0.0 0.0 0.0 0.0 0.0 0.055039 0.016925 0.0 0.0 6.578223 2.537121 -0.128504 0.045337 
91 20.232804 2.387637 -11.387603 3.487087 -3.788696 2.715488 -13.448507 4.212798 -5.080833 2.859297 7.821635 1.869905 1.238979 0.029055 0.951281 0.076891 0.000000 0.000000 0.0 0.0 0.0 0.0 0.0 0.0 0.937946 0.020915 0.0 0.0 0.0 0.0 0.0 0.0 0.065794 0.017279 0.0 0.0 6.255916 2.544363 -0.134783 0.048517 
92 20.013119 2.250231 -7.423055 3.122872 -3.651983 2.760546 -14.093042 4.220829 -4.965797 2.836902 8.072973 1.989827 1.251938 0.029194 0.949466 0.077148 0.000000 0.000000 0.0 0.0 0.0 0.0 0.0 0.0 0.965664 0.025288 0.0 0.0 0.0 0.0 0.0 0.0 0.077706 0.017922 0.0 0.0 5.945695 2.548110 -0.145080 0.060577 
93 19.792771 2.102626 -3.910459 2.763889 -3.517668 2.774487 -14.699060 4.226222 -4.972789 2.848076 8.310958 2.101348 1.264772 0.029349 0.947428 0.077287 0.000000 0.000000 0.0 0.0 0.0 0.0 0.0 0.0 0.993655 0.029042 0.0 0.0 0.0 0.0 0.0 0.0 0.090406 0.018677 0.0 0.0 5.658876 2.544898 -0.129731 0.049426 
94 19.614099 1.963697 -1.016650 2.478393 -3.374037 2.778557 -15.259585 4.226134 -5.123282 2.891256 8.533646 2.199676 1.277507 0.029533 0.945382 0.077472 0.000000 0.000000 0.0 0.0 0.0 0.0 0.0 0.0 1.019611 0.030894 0.0 0.0 0.0 0.0 0.0 0.0 0.103534 0.019500 0.0 0.0 5.402901 2.534753 -0.130822 0.056966 
95 19.515526 1.860333 1.118255 2.343899 -3.216983 2.793440 -15.765877 4.222773 -5.437540 2.960848 8.733153 2.280922 1.290128 0.029766 0.943249 0.077488 0.000000 0.000000 0.0 0.0 0.0 0.0 0.0 0.0 1.042723 0.031642 0.0 0.0 0.0 0.0 0.0 0.0 0.116452 0.020153 0.0 0.0 5.180674 2.519561 -0.110763 0.043131 
96 19.525440 1.819326 2.410014 2.390923 -3.061809 2.832145 -16.210389 4.218887 -5.931253 3.045451 8.898246 2.343665 1.302651 0.030028 0.941183 0.077413 0.000000 0.000000 0.0 0.0 0.0 0.0 0.0 0.0 1.061844 0.031847 0.0 0.0 0.0 0.0 0.0 0.0 0.128789 0.020625 0.0 0.0 4.992938 2.501958 -0.065294 0.042906 
97 19.649584 1.854332 2.852878 2.570404 -2.949309 2.899497 -16.585665 4.222536 -6.615228 3.132070 9.012871 2.388685 1.315050 0.030315 0.939327 0.077400 0.000000 0.000000 0.0 0.0 0.0 0.0 0.0 0.0 1.075395 0.031619 0.0 0.0 0.0 0.0 0.0 0.0 0.140884 0.021254 0.0 0.0 4.841202 2.485244 -0.026096 0.045468 
98 19.869157 1.959630 2.519809 2.800763 -2.939750 2.994752 -16.890470 4.239279 -7.494847 3.209230 9.052775 2.423414 1.327321 0.030621 0.937612 0.077312 0.000000 0.000000 0.0 0.0 0.0 0.0 0.0 0.0 1.082163 0.031818 0.0 0.0 0.0 0.0 0.0 0.0 0.152876 0.022419 0.0 0.0 4.726193 2.468756 0.003314 0.050611 
99 20.148875 2.117625 1.552959 3.026358 -3.100110 3.116205 -17.129188 4.270918 -8.571265 3.272907 8.989228 2.462627 1.339458 0.030930 0.936088 0.077208 0.000004 0.000002 0.0 0.0 0.0 0.0 0.0 0.0 1.079693 0.032527 0.0 0.0 0.0 0.0 0.0 0.0 0.164999 0.024013 0.0 0.0 4.651123 2.452004 0.057154 0.053901 
100 20.441980 2.305173 0.129607 3.228928 -3.478011 3.257048 -17.307666 4.311123 -9.848065 3.322684 8.785233 2.525291 1.351470 0.031253 0.934713 0.077009 0.000000 0.000000 0.0 0.0 0.0 0.0 0.0 0.0 1.064981 0.034148 0.0 0.0 0.0 0.0 0.0 0.0 0.177060 0.025883 0.0 0.0 4.619153 2.432344 0.082583 0.138852 
101 20.735119 2.461343 -0.952141 3.111712 -3.670515 3.203854 -17.307666 4.311123 -9.848065 3.322684 8.785233 2.525291 1.363406 0.031612 0.933947 0.076721 0.000000 0.000000 0.0 0.0 0.0 0.0 0.0 0.0 1.034962 0.037469 0.0 0.0 0.0 0.0 0.0 0.0 0.187726 0.027555 0.0 0.0 4.576449 2.423578 0.116016 0.060722 
102 20.976579 2.653891 -2.807196 3.350409 -4.441328 3.324307 -17.426353 4.348473 -11.329700 3.361329 8.398803 2.633974 1.375198 0.031988 0.932949 0.076549 0.113211 0.012081 0.0 0.0 0.0 0.0 0.0 0.0 0.986655 0.044657 0.0 0.0 0.0 0.0 0.0 0.0 0.195346 0.028457 0.0 0.0 4.620827 2.391310 0.164330 0.081590 
103 21.132776 2.825092 -4.698713 3.594662 -5.366592 3.428092 -17.479221 4.369352 -13.027118 3.391430 7.782833 2.806331 1.386908 0.032369 0.932052 0.076372 0.233228 0.023758 0.0 0.0 0.0 0.0 0.0 0.0 0.918218 0.057674 0.0 0.0 0.0 0.0 0.0 0.0 0.198235 0.028183 0.0 0.0 4.710038 2.349722 0.216113 0.068754 
104 21.197562 2.965450 -6.576704 3.828009 -6.300818 3.491111 -17.446050 4.363789 -14.954385 3.416402 6.887309 3.055037 1.398602 0.032763 0.931417 0.076176 0.336053 0.045717 0.0 0.0 0.0 0.0 0.0 0.0 0.830709 0.076004 0.0 0.0 0.0 0.0 0.0 0.0 0.194886 0.026316 0.0 0.0 4.841444 2.297496 0.247005 0.079336 
105 21.172097 3.072142 -8.433408 4.036686 -7.075836 3.495625 -17.300036 4.326460 -17.125206 3.437052 5.659886 3.382357 1.410345 0.033141 0.931036 0.075946 0.428736 0.076092 0.0 0.0 0.0 0.0 0.0 0.0 0.725543 0.097002 0.0 0.0 0.0 0.0 0.0 0.0 0.184036 0.023485 0.0 0.0 5.014008 2.237883 0.287452 0.058808 
106 21.054130 3.149362 -10.265946 4.214085 -7.551159 3.436406 -17.010257 4.260082 -19.546341 3.454459 4.051403 3.781044 1.422230 0.033515 0.930911 0.075862 0.532949 0.099125 0.0 0.0 0.0 0.0 0.0 0.0 0.608464 0.116027 0.0 0.0 0.0 0.0 0.0 0.0 0.164490 0.022723 0.0 0.0 5.227605 2.175180 0.271355 0.047774 
107 20.830596 3.204222 -12.052688 4.365415 -7.648911 3.321230 -16.549384 4.176183 -22.214017 3.469846 2.027579 4.234811 1.434328 0.033881 0.930827 0.075700 0.639059 0.103382 0.0 0.0 0.0 0.0 0.0 0.0 0.487417 0.128769 0.0 0.0 0.0 0.0 0.0 0.0 0.137828 0.027013 0.0 0.0 5.482022 2.113899 0.249035 0.043943 
108 20.480935 3.244214 -13.743050 4.502339 -7.364049 3.170305 -15.895798 4.091736 -25.106433 3.482375 -0.423134 4.710765 1.446700 0.034247 0.930943 0.075563 0.733352 0.091951 0.0 0.0 0.0 0.0 0.0 0.0 0.371171 0.131186 0.0 0.0 0.0 0.0 0.0 0.0 0.107572 0.033477 0.0 0.0 5.774387 2.058389 0.207505 0.060039 
109 19.984558 3.276437 -15.268286 4.633443 -6.752873 3.011977 -15.038131 4.021299 -28.186407 3.487658 -3.274249 5.161430 1.459390 0.034622 0.931184 0.075540 0.811000 0.078376 0.0 0.0 0.0 0.0 0.0 0.0 0.268818 0.123421 0.0 0.0 0.0 0.0 0.0 0.0 0.077816 0.036991 0.0 0.0 6.098395 2.012912 0.161557 0.073876 
110 19.331415 3.307584 -16.563282 4.762541 -5.902619 2.870997 -13.978410 3.970571 -31.402515 3.479466 -6.449842 5.524655 1.472389 0.035006 0.931572 0.075487 0.872641 0.075301 0.0 0.0 0.0 0.0 0.0 0.0 0.185367 0.108759 0.0 0.0 0.0 0.0 0.0 0.0 0.052210 0.035583 0.0 0.0 6.440102 1.981283 0.114650 0.072772 
111 18.529277 3.341523 -17.585852 4.884189 -4.908342 2.762201 -12.726972 3.934553 -34.697576 3.455207 -9.817322 5.729841 1.485699 0.035415 0.931999 0.075418 0.923016 0.081008 0.0 0.0 0.0 0.0 0.0 0.0 0.120315 0.091229 0.0 0.0 0.0 0.0 0.0 0.0 0.033052 0.030697 0.0 0.0 6.785072 1.966298 0.077294 0.064794 
112 17.598315 3.381411 -18.322262 4.992418 -3.852510 2.685357 -11.300141 3.901211 -38.012851 3.413938 -13.188984 5.708555 1.499282 0.035842 0.932642 0.075400 0.965235 0.088334 0.0 0.0 0.0 0.0 0.0 0.0 0.073377 0.071476 0.0 0.0 0.0 0.0 0.0 0.0 0.019053 0.025045 0.0 0.0 7.117703 1.968380 0.045271 0.052462 
113 16.568315 3.428098 -18.784937 5.079472 -2.800926 2.631397 -9.718323 3.859177 -41.296170 3.355434 -16.342881 5.422300 1.513105 0.036296 0.933243 0.075261 1.002877 0.093486 0.0 0.0 0.0 0.0 0.0 0.0 0.040798 0.052504 0.0 0.0 0.0 0.0 0.0 0.0 0.011222 0.017957 0.0 0.0 7.426924 1.986807 0.027118 0.039037 
114 15.469927 3.480628 -19.003398 5.140859 -1.800332 2.589033 -8.004500 3.802187 -44.501324 3.280828 -19.050351 4.887445 1.527146 0.036775 0.934085 0.075130 1.037712 0.096286 0.0 0.0 0.0 0.0 0.0 0.0 0.021253 0.036581 0.0 0.0 0.0 0.0 0.0 0.0 0.006625 0.012382 0.0 0.0 7.704596 2.018006 0.017676 0.031630 
115 14.330144 3.535465 -19.015566 5.178932 -0.880921 2.550033 -6.183791 3.732314 -47.587801 3.190213 -21.115018 4.195942 1.541366 0.037266 0.935190 0.075018 1.066623 0.095723 0.0 0.0 0.0 0.0 0.0 0.0 0.011273 0.022497 0.0 0.0 0.0 0.0 0.0 0.0 0.003573 0.007736 0.0 0.0 7.946068 2.057729 0.008989 0.018659 
116 13.171737 3.587539 -18.861256 5.195722 -0.059229 2.510486 -4.282586 3.656624 -50.514702 3.085683 -22.408465 3.504803 1.555727 0.037749 0.936356 0.074859 1.085865 0.090288 0.0 0.0 0.0 0.0 0.0 0.0 0.005208 0.011909 0.0 0.0 0.0 0.0 0.0 0.0 0.001844 0.004092 0.0 0.0 8.148204 2.097525 0.004974 0.011100 
117 12.007193 3.632041 -18.576465 5.195881 0.659739 2.468641 -2.327929 3.584735 -53.235335 2.974286 -22.897500 2.978226 1.570214 0.038228 0.937836 0.074752 1.093531 0.081281 0.0 0.0 0.0 0.0 0.0 0.0 0.002192 0.005370 0.0 0.0 0.0 0.0 0.0 0.0 0.000746 0.001827 0.0 0.0 8.311786 2.134988 0.002056 0.005038 
118 10.845582 3.670723 -18.193665 5.179429 1.280653 2.423086 -0.349217 3.523016 -55.696433 2.870566 -22.645958 2.690150 1.584776 0.038659 0.939427 0.074581 1.089235 0.069940 0.0 0.0 0.0 0.0 0.0 0.0 0.001018 0.002494 0.0 0.0 0.0 0.0 0.0 0.0 0.000340 0.000832 0.0 0.0 8.437520 2.167644 0.000973 0.002383 
119 9.685146 3.705444 -17.738493 5.145910 1.814918 2.372184 1.621697 3.476389 -57.842796 2.800992 -21.801843 2.576433 1.599395 0.039058 0.941226 0.074526 1.073745 0.057902 0.0 0.0 0.0 0.0 0.0 0.0 0.000344 0.000842 0.0 0.0 0.0 0.0 0.0 0.0 0.000024 0.000060 0.0 0.0 8.531571 2.195910 0.000132 0.000323 
120 8.520288 3.740340 -17.229183 5.095258 2.277404 2.313905 3.551930 3.446815 -59.625436 2.797638 -20.555878 2.519008 1.614048 0.039399 0.943130 0.074438 1.048946 0.047413 0.0 0.0 0.0 0.0 0.0 0.0 0.000130 0.000319 0.0 0.0 0.0 0.0 0.0 0.0 0.000025 0.000062 0.0 0.0 8.602027 2.219084 0.000091 0.000223 
121 7.340544 3.774087 -16.677120 5.029013 2.683046 2.246618 5.413104 3.436281 -60.993796 2.864055 -19.100256 2.454418 1.628713 0.039687 0.945119 0.074395 1.017741 0.041842 0.0 0.0 0.0 0.0 0.0 0.0 0.000000 0.000000 0.0 0.0 0.0 0.0 0.0 0.0 0.000000 0.000000 0.0 0.0 8.658285 2.233382 0.000000 0.000000 
122 6.137708 3.800394 -16.086855 4.947508 3.044914 2.169358 7.181882 3.442024 -61.938919 3.004302 -17.593781 2.378089 1.643373 0.039911 0.947125 0.074359 0.981814 0.040448 0.0 0.0 0.0 0.0 0.0 0.0 0.000000 0.000000 0.0 0.0 0.0 0.0 0.0 0.0 0.000000 0.000000 0.0 0.0 8.709125 2.233749 0.000000 0.000000 
123 4.907654 3.810747 -15.460179 4.850817 3.373009 2.081770 8.840397 3.456922 -62.448265 3.188570 -16.142311 2.303247 1.658038 0.040082 0.949157 0.074261 0.943789 0.039992 0.0 0.0 0.0 0.0 0.0 0.0 0.000000 0.000000 0.0 0.0 0.0 0.0 0.0 0.0 0.000000 0.000000 0.0 0.0 8.760075 2.215522 0.000000 0.000000 
124 3.653692 3.798389 -14.798684 4.737953 3.674290 1.984958 10.380905 3.473267 -62.538640 3.397949 -14.798245 2.235052 1.672678 0.040194 0.951072 0.074149 0.906308 0.038623 0.0 0.0 0.0 0.0 0.0 0.0 0.000000 0.000000 0.0 0.0 0.0 0.0 0.0 0.0 0.000000 0.000000 0.0 0.0 8.810748 2.176471 0.000000 0.000000 
125 2.385251 3.764162 -14.107796 4.610227 3.952797 1.880980 11.802146 3.483492 -62.216599 3.604989 -13.570432 2.168595 1.687319 0.040266 0.952911 0.073995 0.872225 0.035938 0.0 0.0 0.0 0.0 0.0 0.0 0.000000 0.000000 0.0 0.0 0.0 0.0 0.0 0.0 0.000000 0.000000 0.0 0.0 8.857834 2.120400 0.000000 0.000000 
126 1.117703 3.717175 -13.394678 4.471875 4.213056 1.773947 13.107170 3.484637 -61.510919 3.806241 -12.443044 2.098537 1.701906 0.040309 0.954552 0.073881 0.842837 0.032648 0.0 0.0 0.0 0.0 0.0 0.0 0.000000 0.000000 0.0 0.0 0.0 0.0 0.0 0.0 0.000000 0.000000 0.0 0.0 8.894287 2.054597 0.000000 0.000000 
127 -0.133517 3.672383 -12.668721 4.330569 4.457797 1.668200 14.302118 3.477453 -60.440843 3.996364 -11.394957 2.026599 1.716440 0.040330 0.956098 0.073799 0.819437 0.029487 0.0 0.0 0.0 0.0 0.0 0.0 0.000000 0.000000 0.0 0.0 0.0 0.0 0.0 0.0 0.000000 0.000000 0.0 0.0 8.911083 1.991340 0.000000 0.000000 
128 -1.355473 3.647519 -11.938563 4.194559 4.689712 1.568816 15.389134 3.464987 -59.028749 4.176510 -10.411245 1.952882 1.730902 0.040340 0.957340 0.073610 0.802241 0.027623 0.0 0.0 0.0 0.0 0.0 0.0 0.000000 0.000000 0.0 0.0 0.0 0.0 0.0 0.0 0.000000 0.000000 0.0 0.0 8.902881 1.941991 0.000000 0.000000 
129 -2.539944 3.656062 -11.213322 4.070459 4.911956 1.480011 16.370393 3.451553 -57.287459 4.344086 -9.487582 1.874962 1.745298 0.040342 0.958363 0.073541 0.790688 0.027840 0.0 0.0 0.0 0.0 0.0 0.0 0.000000 0.000000 0.0 0.0 0.0 0.0 0.0 0.0 0.000000 0.000000 0.0 0.0 8.867515 1.914084 0.000000 0.000000 
130 -3.683194 3.701722 -10.500533 3.959795 5.126492 1.403455 17.246817 3.435576 -55.223122 4.484008 -8.630118 1.791231 1.759633 0.040354 0.959088 0.073441 0.784082 0.029686 0.0 0.0 0.0 0.0 0.0 0.0 0.000000 0.000000 0.0 0.0 0.0 0.0 0.0 0.0 0.000000 0.000000 0.0 0.0 8.805292 1.911281 0.000000 0.000000 
131 -4.785380 3.779234 -9.807658 3.859606 5.337161 1.341502 18.019884 3.412561 -52.858153 4.606826 -7.846908 1.706077 1.773915 0.040372 0.959694 0.073256 0.781778 0.031580 0.0 0.0 0.0 0.0 0.0 0.0 0.000000 0.000000 0.0 0.0 0.0 0.0 0.0 0.0 0.000000 0.000000 0.0 0.0 8.719872 1.932070 0.000000 0.000000 
132 -5.846449 3.874096 -9.140504 3.763207 5.547748 1.294578 18.688503 3.375104 -50.196903 4.699607 -7.146694 1.631103 1.788135 0.040418 0.959965 0.073109 0.782510 0.032645 0.0 0.0 0.0 0.0 0.0 0.0 0.000000 0.000000 0.0 0.0 0.0 0.0 0.0 0.0 0.000000 0.000000 0.0 0.0 8.612181 1.969303 0.000000 0.000000 
133 -6.866233 3.969635 -8.505749 3.664640 5.764423 1.266087 19.254816 3.320169 -47.250640 4.761582 -6.533356 1.586804 1.802309 0.040502 0.959983 0.073102 0.786747 0.032292 0.0 0.0 0.0 0.0 0.0 0.0 0.000000 0.000000 0.0 0.0 0.0 0.0 0.0 0.0 0.000000 0.000000 0.0 0.0 8.485150 2.016816 0.000000 0.000000 
134 -7.844776 4.052254 -7.907049 3.558801 5.991088 1.259753 19.717734 3.248289 -44.028346 4.789440 -6.004833 1.591774 1.816415 0.040622 0.959698 0.073042 0.793611 0.031192 0.0 0.0 0.0 0.0 0.0 0.0 0.000000 0.000000 0.0 0.0 0.0 0.0 0.0 0.0 0.000000 0.000000 0.0 0.0 8.338392 2.067302 0.000000 0.000000 
135 -8.780262 4.114836 -7.348802 3.444620 6.231743 1.281722 20.077940 3.162424 -40.542453 4.781429 -5.552359 1.655457 1.830430 0.040777 0.959181 0.073070 0.802973 0.029254 0.0 0.0 0.0 0.0 0.0 0.0 0.000000 0.000000 0.0 0.0 0.0 0.0 0.0 0.0 0.000000 0.000000 0.0 0.0 8.170624 2.117115 0.000000 0.000000 
136 -9.668767 4.157127 -6.835214 3.325320 6.485493 1.332909 20.340837 3.066846 -36.810203 4.733104 -5.165765 1.773540 1.844350 0.040986 0.958441 0.073026 0.815121 0.026591 0.0 0.0 0.0 0.0 0.0 0.0 0.000000 0.000000 0.0 0.0 0.0 0.0 0.0 0.0 0.000000 0.000000 0.0 0.0 7.979761 2.165059 0.000000 0.000000 
137 -10.509109 4.181234 -6.368178 3.205079 6.750421 1.411038 20.512889 2.962169 -32.852964 4.642920 -4.836839 1.934939 1.858138 0.041203 0.957451 0.073056 0.829592 0.023166 0.0 0.0 0.0 0.0 0.0 0.0 0.000000 0.000000 0.0 0.0 0.0 0.0 0.0 0.0 0.000000 0.000000 0.0 0.0 7.764134 2.210989 0.000000 0.000000 
138 -11.302804 4.193982 -5.951110 3.091121 7.021623 1.510651 20.602296 2.851676 -28.700777 4.508449 -4.557483 2.122436 1.871784 0.041442 0.956218 0.073125 0.846604 0.019427 0.0 0.0 0.0 0.0 0.0 0.0 0.000000 0.000000 0.0 0.0 0.0 0.0 0.0 0.0 0.000000 0.000000 0.0 0.0 7.524770 2.255842 0.000000 0.000000 
139 -12.054546 4.200208 -5.590753 2.991423 7.293190 1.624420 20.612963 2.738747 -24.398222 4.327431 -4.319638 2.314948 1.885283 0.041708 0.954803 0.073250 0.866032 0.016404 0.0 0.0 0.0 0.0 0.0 0.0 0.000000 0.000000 0.0 0.0 0.0 0.0 0.0 0.0 0.000000 0.000000 0.0 0.0 7.267394 2.301147 0.000000 0.000000 
140 -12.769210 4.205552 -5.295459 2.912011 7.561542 1.746313 20.550187 2.627020 -20.011405 4.097864 -4.115985 2.489206 1.898610 0.041991 0.953211 0.073409 0.887635 0.015544 0.0 0.0 0.0 0.0 0.0 0.0 0.000000 0.000000 0.0 0.0 0.0 0.0 0.0 0.0 0.000000 0.000000 0.0 0.0 6.999038 2.348629 0.000000 0.000000 
141 -13.448507 4.212798 -5.080833 2.859297 7.821635 1.869905 20.419283 2.511973 -15.633491 3.816767 -3.940569 2.625684 1.911805 0.042313 0.951422 0.073599 0.911596 0.017165 0.0 0.0 0.0 0.0 0.0 0.0 0.000000 0.000000 0.0 0.0 0.0 0.0 0.0 0.0 0.000000 0.000000 0.0 0.0 6.727689 2.400396 0.000000 0.000000 
142 -14.093042 4.220829 -4.965797 2.836902 8.072973 1.989827 20.232804 2.387637 -11.387603 3.487087 -3.788696 2.715488 1.924830 0.042652 0.949366 0.073796 0.937946 0.020915 0.0 0.0 0.0 0.0 0.0 0.0 0.000000 0.000000 0.0 0.0 0.0 0.0 0.0 0.0 0.000000 0.000000 0.0 0.0 6.461001 2.455950 0.000000 0.000000 
143 -14.699060 4.226222 -4.972789 2.848076 8.310958 2.101348 20.013119 2.250231 -7.423055 3.122872 -3.651983 2.760546 1.937716 0.043040 0.947303 0.073901 0.965664 0.025288 0.0 0.0 0.0 0.0 0.0 0.0 0.000000 0.000000 0.0 0.0 0.0 0.0 0.0 0.0 0.000000 0.000000 0.0 0.0 6.204361 2.511243 0.000000 0.000000 
144 -15.259585 4.226134 -5.123282 2.891256 8.533646 2.199676 19.792771 2.102626 -3.910459 2.763889 -3.517668 2.774487 1.950441 0.043436 0.944948 0.074016 0.993655 0.029042 0.0 0.0 0.0 0.0 0.0 0.0 0.000000 0.000000 0.0 0.0 0.0 0.0 0.0 0.0 0.000000 0.000000 0.0 0.0 5.961288 2.562292 0.000000 0.000000 
145 -15.765877 4.222773 -5.437540 2.960848 8.733153 2.280922 19.614099 1.963697 -1.016650 2.478393 -3.374037 2.778557 1.963015 0.043866 0.942748 0.074095 1.019611 0.030894 0.0 0.0 0.0 0.0 0.0 0.0 0.000000 0.000000 0.0 0.0 0.0 0.0 0.0 0.0 0.000000 0.000000 0.0 0.0 5.735258 2.607709 0.000000 0.000000 
146 -16.210389 4.218887 -5.931253 3.045451 8.898246 2.343665 19.515526 1.860333 1.118255 2.343899 -3.216983 2.793440 1.975429 0.044301 0.940550 0.074105 1.042723 0.031642 0.0 0.0 0.0 0.0 0.0 0.0 0.000000 0.000000 0.0 0.0 0.0 0.0 0.0 0.0 0.000000 0.000000 0.0 0.0 5.525369 2.644554 0.000000 0.000000 
147 -16.585665 4.222536 -6.615228 3.132070 9.012871 2.388685 19.525440 1.819326 2.410014 2.390923 -3.061809 2.832145 1.987692 0.044755 0.938484 0.074068 1.061844 0.031847 0.0 0.0 0.0 0.0 0.0 0.0 0.000000 0.000000 0.0 0.0 0.0 0.0 0.0 0.0 0.000000 0.000000 0.0 0.0 5.335169 2.675565 0.000000 0.000000 
148 -16.890470 4.239279 -7.494847 3.209230 9.052775 2.423414 19.649584 1.854332 2.852878 2.570404 -2.949309 2.899497 1.999801 0.045201 0.936623 0.073988 1.075395 0.031619 0.0 0.0 0.0 0.0 0.0 0.0 0.000000 0.000000 0.0 0.0 0.0 0.0 0.0 0.0 0.000000 0.000000 0.0 0.0 5.167971 2.701563 0.000000 0.000000 
149 -17.129188 4.270918 -8.571265 3.272907 8.989228 2.462627 19.869157 1.959630 2.519809 2.800763 -2.939750 2.994752 2.011768 0.045650 0.934954 0.073864 1.082163 0.031818 0.0 0.0 0.0 0.0 0.0 0.0 0.000004 0.000002 0.0 0.0 0.0 0.0 0.0 0.0 0.000003 0.000002 0.0 0.0 5.033189 2.723799 0.000004 0.000003 
150 -17.307666 4.311123 -9.848065 3.322684 8.785233 2.525291 20.148875 2.117625 1.552959 3.026358 -3.100110 3.116205 2.023608 0.046091 0.933428 0.073667 1.079693 0.032527 0.0 0.0 0.0 0.0 0.0 0.0 0.000000 0.000000 0.0 0.0 0.0 0.0 0.0 0.0 0.000000 0.000000 0.0 0.0 4.941715 2.739141 0.000000 0.000000 
